         2       3       4       5       6       7       8       9      10
 1  0.6283  0.4281  0.3902  0.3364  0.2790  0.2387  0.2154  0.2230  0.1906
 2  0.6935  0.5209  0.4775  0.4256  0.3712  0.3260  0.3011  0.2989  0.2707
 3  0.7501  0.6027  0.5570  0.5102  0.4580  0.4124  0.3884  0.3781  0.3558
 4  0.7799  0.6459  0.5998  0.5570  0.5076  0.4629  0.4416  0.4258  0.4070
 5  0.7950  0.6686  0.6214  0.5818  0.5336  0.4882  0.4677  0.4480  0.4322
 6  0.8347  0.7278  0.6865  0.6525  0.6079  0.5670  0.5477  0.5256  0.5151
 7  0.8488  0.7497  0.7061  0.6755  0.6333  0.5941  0.5752  0.5502  0.5435
 8  0.8731  0.7883  0.7469  0.7215  0.6846  0.6489  0.6341  0.6095  0.6040
 9  0.8690  0.7799  0.7374  0.7127  0.6760  0.6402  0.6240  0.5971  0.5940
10  0.8760  0.7926  0.7492  0.7266  0.6915  0.6547  0.6410  0.6152  0.6112
11  0.8943  0.8209  0.7844  0.7636  0.7320  0.7013  0.6871  0.6622  0.6582
12  0.8954  0.8218  0.7856  0.7650  0.7348  0.7054  0.6907  0.6647  0.6633
13  0.9008  0.8312  0.7935  0.7751  0.7455  0.7161  0.7044  0.6784  0.6772
14  0.9059  0.8383  0.8049  0.7857  0.7582  0.7292  0.7162  0.6910  0.6871
15  0.9108  0.8457  0.8149  0.7961  0.7697  0.7414  0.7291  0.7052  0.7015
16  0.9162  0.8544  0.8229  0.8046  0.7798  0.7544  0.7444  0.7207  0.7165
17  0.9205  0.8602  0.8324  0.8145  0.7901  0.7652  0.7533  0.7308  0.7259
18  0.9295  0.8753  0.8522  0.8357  0.8141  0.7920  0.7820  0.7620  0.7548
19  0.9319  0.8777  0.8574  0.8394  0.8194  0.7970  0.7867  0.7667  0.7598
20  0.9359  0.8830  0.8673  0.8487  0.8296  0.8083  0.7980  0.7784  0.7709
21  0.9400  0.8880  0.8780  0.8580  0.8400  0.8200  0.8100  0.7900  0.7820
