          2        3        4        5        6        7        8        9       10
 1  0.09967   0.1295   0.1212   0.1273   0.1214   0.1086   0.1016  0.09423  0.09716
 2   0.1056   0.1407   0.1376   0.1483   0.1447   0.1380   0.1369   0.1292   0.1342
 3   0.1019   0.1405   0.1440   0.1575   0.1589   0.1603   0.1621   0.1586   0.1634
 4  0.09830   0.1372   0.1441   0.1558   0.1589   0.1637   0.1644   0.1630   0.1699
 5  0.08242   0.1192   0.1303   0.1412   0.1466   0.1566   0.1555   0.1573   0.1615
 6  0.07613   0.1146   0.1308   0.1398   0.1506   0.1671   0.1653   0.1727   0.1748
 7  0.06592   0.1031   0.1195   0.1259   0.1354   0.1551   0.1498   0.1597   0.1600
 8  0.05922  0.09484   0.1134   0.1186   0.1313   0.1507   0.1481   0.1603   0.1592
 9  0.06542   0.1014   0.1211   0.1281   0.1412   0.1584   0.1568   0.1688   0.1667
10  0.06185  0.09816   0.1178   0.1244   0.1368   0.1552   0.1541   0.1660   0.1652
11  0.05343  0.08740   0.1064   0.1112   0.1256   0.1424   0.1428   0.1556   0.1521
12  0.05040  0.08200  0.09953   0.1042   0.1172   0.1325   0.1321   0.1452   0.1397
13  0.04712  0.07837  0.09653   0.1009   0.1133   0.1285   0.1295   0.1434   0.1350
14  0.04422  0.07467  0.09260  0.09645   0.1070   0.1236   0.1241   0.1370   0.1296
15  0.04081  0.06870  0.08494  0.08972   0.1003   0.1146   0.1161   0.1279   0.1214
16  0.03682  0.06332  0.08047  0.08496  0.09488   0.1081   0.1087   0.1214   0.1139
17  0.02969  0.05127  0.06592  0.07025  0.07888  0.08837  0.09061   0.1015  0.09423
18  0.02251  0.03854  0.05043  0.05413  0.06168  0.06914  0.07030  0.07897  0.07258
19  0.02129  0.03588  0.04743  0.05078  0.05736  0.06421  0.06554  0.07305  0.06747
20  0.01551  0.02570  0.03491  0.03756  0.04264  0.04738  0.04829  0.05340  0.04957
21    0.000    0.000    0.000    0.000    0.000    0.000    0.000    0.000    0.000
