          2        3        4        5        6        7        8        9       10
 1  0.09967   0.1295   0.1212   0.1273   0.1214   0.1086   0.1016  0.09423  0.09716
 2   0.1054   0.1408   0.1363   0.1458   0.1446   0.1375   0.1372   0.1295   0.1334
 3  0.09719   0.1347   0.1352   0.1475   0.1501   0.1490   0.1520   0.1463   0.1514
 4  0.09835   0.1402   0.1450   0.1576   0.1651   0.1710   0.1740   0.1740   0.1786
 5  0.08873   0.1307   0.1396   0.1525   0.1617   0.1724   0.1738   0.1778   0.1800
 6  0.08207   0.1218   0.1349   0.1460   0.1548   0.1697   0.1688   0.1774   0.1773
 7  0.08241   0.1262   0.1445   0.1579   0.1697   0.1898   0.1891   0.2008   0.2021
 8  0.07861   0.1226   0.1419   0.1545   0.1676   0.1890   0.1886   0.2023   0.2000
 9  0.07203   0.1163   0.1386   0.1498   0.1655   0.1895   0.1848   0.2012   0.1976
10  0.07154   0.1189   0.1412   0.1542   0.1735   0.1954   0.1961   0.2129   0.2086
11  0.06834   0.1155   0.1392   0.1500   0.1703   0.1932   0.1920   0.2085   0.2044
12  0.06458   0.1098   0.1327   0.1439   0.1644   0.1866   0.1853   0.2011   0.1979
13  0.05679   0.1003   0.1208   0.1307   0.1517   0.1725   0.1728   0.1852   0.1840
14  0.05626   0.1019   0.1210   0.1316   0.1521   0.1747   0.1759   0.1877   0.1872
15  0.05291  0.09765   0.1170   0.1280   0.1486   0.1699   0.1723   0.1843   0.1838
16  0.04486  0.08695   0.1033   0.1132   0.1333   0.1554   0.1560   0.1662   0.1674
17  0.04116  0.08060  0.09625   0.1057   0.1262   0.1472   0.1490   0.1543   0.1572
18  0.03346  0.06938  0.08204  0.09135   0.1081   0.1284   0.1325   0.1356   0.1392
19  0.02854  0.05894  0.07060  0.07818  0.09237   0.1104   0.1135   0.1146   0.1180
20  0.02096  0.04458  0.05142  0.05680  0.06753  0.08267  0.08338  0.08423  0.08655
21    0.000    0.000    0.000    0.000    0.000    0.000    0.000    0.000    0.000
