         2       3       4       5       6       7       8       9      10
 1  0.6283  0.4281  0.3902  0.3364  0.2790  0.2387  0.2154  0.2230  0.1906
 2  0.6985  0.5240  0.4819  0.4320  0.3725  0.3272  0.3027  0.3015  0.2730
 3  0.7504  0.5952  0.5492  0.5035  0.4453  0.3984  0.3744  0.3657  0.3427
 4  0.7773  0.6375  0.5917  0.5505  0.4936  0.4477  0.4267  0.4131  0.3929
 5  0.8156  0.6885  0.6433  0.6107  0.5555  0.5102  0.4914  0.4740  0.4612
 6  0.8366  0.7218  0.6767  0.6451  0.5941  0.5470  0.5307  0.5126  0.4999
 7  0.8645  0.7658  0.7250  0.6985  0.6528  0.6112  0.5974  0.5793  0.5697
 8  0.8806  0.7909  0.7542  0.7304  0.6868  0.6491  0.6344  0.6176  0.6106
 9  0.8969  0.8137  0.7794  0.7595  0.7190  0.6834  0.6707  0.6530  0.6491
10  0.9103  0.8375  0.8057  0.7896  0.7520  0.7217  0.7116  0.6960  0.6927
11  0.9212  0.8571  0.8271  0.8121  0.7785  0.7493  0.7414  0.7278  0.7250
12  0.9271  0.8664  0.8382  0.8237  0.7912  0.7634  0.7551  0.7432  0.7392
13  0.9380  0.8834  0.8600  0.8468  0.8172  0.7926  0.7823  0.7743  0.7692
14  0.9473  0.8994  0.8789  0.8678  0.8436  0.8194  0.8116  0.8049  0.8001
15  0.9542  0.9128  0.8949  0.8850  0.8640  0.8434  0.8357  0.8294  0.8256
16  0.9633  0.9284  0.9132  0.9059  0.8875  0.8684  0.8630  0.8587  0.8543
17  0.9672  0.9365  0.9223  0.9158  0.8991  0.8812  0.8760  0.8746  0.8697
18  0.9758  0.9527  0.9416  0.9369  0.9249  0.9100  0.9049  0.9052  0.9009
19  0.9845  0.9708  0.9621  0.9612  0.9532  0.9428  0.9402  0.9419  0.9383
20  0.9911  0.9844  0.9785  0.9802  0.9751  0.9685  0.9679  0.9696  0.9670
21  0.9980  0.9980  0.9940  0.9980  0.9960  0.9940  0.9940  0.9960  0.9940
