         2       3       4       5       6       7       8       9      10
 1  0.5950  0.4413  0.3710  0.3056  0.2736  0.2427  0.2221  0.2020  0.1856
 2  0.6500  0.4983  0.4281  0.3662  0.3275  0.2950  0.2695  0.2498  0.2300
 3  0.6813  0.5350  0.4677  0.4070  0.3688  0.3335  0.3066  0.2857  0.2654
 4  0.7023  0.5590  0.4923  0.4299  0.3920  0.3561  0.3299  0.3074  0.2870
 5  0.7315  0.5907  0.5290  0.4663  0.4298  0.3913  0.3635  0.3428  0.3205
 6  0.7361  0.5984  0.5367  0.4732  0.4369  0.3987  0.3705  0.3501  0.3273
 7  0.7531  0.6194  0.5611  0.4963  0.4623  0.4240  0.3952  0.3742  0.3504
 8  0.7628  0.6339  0.5785  0.5130  0.4788  0.4416  0.4107  0.3908  0.3664
 9  0.7700  0.6414  0.5882  0.5218  0.4876  0.4511  0.4202  0.4012  0.3757
10  0.7776  0.6490  0.5970  0.5311  0.4958  0.4584  0.4285  0.4095  0.3833
11  0.7803  0.6562  0.6042  0.5391  0.5037  0.4669  0.4364  0.4182  0.3909
12  0.7831  0.6584  0.6071  0.5406  0.5087  0.4725  0.4397  0.4227  0.3952
13  0.7899  0.6683  0.6172  0.5509  0.5180  0.4809  0.4481  0.4316  0.4026
14  0.7934  0.6717  0.6224  0.5562  0.5242  0.4878  0.4549  0.4379  0.4082
15  0.7944  0.6726  0.6234  0.5561  0.5246  0.4887  0.4550  0.4386  0.4084
16  0.8004  0.6808  0.6296  0.5640  0.5316  0.4961  0.4623  0.4466  0.4145
17  0.8023  0.6821  0.6311  0.5662  0.5334  0.4975  0.4642  0.4480  0.4154
18  0.8057  0.6881  0.6354  0.5716  0.5379  0.5023  0.4700  0.4533  0.4194
19  0.8096  0.6935  0.6389  0.5776  0.5428  0.5065  0.4764  0.4588  0.4242
20  0.8125  0.6994  0.6420  0.5833  0.5466  0.5083  0.4824  0.4633  0.4277
21  0.8160  0.7120  0.6440  0.5900  0.5480  0.5120  0.4880  0.4660  0.4300
