           2        3        4        5        6        7        8        9       10
 1   0.09922  0.09964   0.1040  0.09430  0.09080  0.08039  0.07829  0.07301  0.06763
 2   0.09444  0.09888   0.1077   0.1025   0.1029  0.09365  0.09078  0.08680  0.08355
 3   0.08809  0.09540   0.1044   0.1006   0.1029  0.09633  0.09424  0.08924  0.08761
 4   0.07784  0.08562  0.09503  0.09383  0.09664  0.09114  0.08937  0.08628  0.08421
 5   0.06374  0.07115  0.08094  0.08013  0.08108  0.07829  0.07558  0.07370  0.07233
 6   0.05912  0.06620  0.07232  0.07316  0.07419  0.07082  0.06998  0.06870  0.06722
 7   0.04841  0.05744  0.06518  0.06370  0.06387  0.06258  0.06203  0.06215  0.06049
 8   0.03896  0.05073  0.05256  0.05388  0.05330  0.05336  0.05355  0.05358  0.05162
 9   0.04431  0.05597  0.05914  0.05983  0.05854  0.05874  0.05932  0.05943  0.05714
10   0.04323  0.05421  0.05761  0.05923  0.05770  0.05612  0.05748  0.05755  0.05545
11   0.03147  0.04105  0.04384  0.04562  0.04377  0.04313  0.04575  0.04593  0.04394
12   0.02839  0.03766  0.04013  0.04187  0.03913  0.04001  0.04172  0.04161  0.03862
13   0.02647  0.04014  0.04019  0.04204  0.03853  0.04000  0.04087  0.04216  0.03935
14   0.02670  0.03663  0.03729  0.03927  0.03714  0.03727  0.04006  0.03960  0.03791
15   0.02261  0.03352  0.03299  0.03487  0.03088  0.03152  0.03371  0.03377  0.03114
16   0.02135  0.03203  0.03112  0.03287  0.03127  0.02945  0.03306  0.03257  0.03045
17   0.01784  0.02786  0.02728  0.02880  0.02729  0.02577  0.02836  0.02794  0.02642
18   0.01340  0.02258  0.02110  0.02171  0.02011  0.01940  0.02106  0.02125  0.01995
19   0.01160  0.02037  0.01877  0.01967  0.01762  0.01735  0.01914  0.01887  0.01764
20  0.009075  0.01604  0.01367  0.01419  0.01217  0.01209  0.01363  0.01351  0.01257
21     0.000    0.000    0.000    0.000    0.000    0.000    0.000    0.000    0.000
