         2       3       4       5       6       7       8       9      10
 1  0.6303  0.4492  0.4150  0.3701  0.3084  0.2655  0.2436  0.2454  0.2336
 2  0.6924  0.5398  0.5041  0.4651  0.3994  0.3475  0.3214  0.3178  0.3145
 3  0.7338  0.6008  0.5662  0.5307  0.4634  0.4044  0.3770  0.3782  0.3735
 4  0.7680  0.6453  0.6111  0.5783  0.5123  0.4495  0.4231  0.4264  0.4155
 5  0.7768  0.6531  0.6166  0.5839  0.5198  0.4542  0.4267  0.4453  0.4132
 6  0.7857  0.6630  0.6257  0.5935  0.5284  0.4608  0.4345  0.4600  0.4216
 7  0.7968  0.6662  0.6208  0.5928  0.5258  0.4583  0.4302  0.4610  0.4093
 8  0.7997  0.6749  0.6303  0.6027  0.5360  0.4668  0.4357  0.4793  0.4190
 9  0.8109  0.6806  0.6272  0.6020  0.5338  0.4638  0.4342  0.4821  0.4088
10  0.8134  0.6820  0.6291  0.6039  0.5357  0.4658  0.4351  0.4923  0.4087
11  0.8143  0.6813  0.6284  0.6014  0.5335  0.4623  0.4280  0.5158  0.4002
12  0.8189  0.6831  0.6274  0.6007  0.5317  0.4612  0.4267  0.5277  0.3951
13  0.8217  0.6861  0.6284  0.6037  0.5338  0.4644  0.4276  0.5326  0.3953
14  0.8252  0.6911  0.6325  0.6093  0.5394  0.4706  0.4315  0.5408  0.3978
15  0.8253  0.6899  0.6321  0.6072  0.5369  0.4678  0.4284  0.5565  0.3945
16  0.8255  0.6902  0.6319  0.6076  0.5369  0.4680  0.4271  0.5613  0.3939
17  0.8302  0.6955  0.6379  0.6132  0.5436  0.4751  0.4316  0.5814  0.3936
18  0.8316  0.6970  0.6389  0.6147  0.5457  0.4773  0.4321  0.5859  0.3924
19  0.8323  0.6979  0.6411  0.6157  0.5466  0.4784  0.4325  0.6027  0.3926
20  0.8342  0.7000  0.6435  0.6179  0.5493  0.4812  0.4342  0.6134  0.3922
21  0.8360  0.7020  0.6460  0.6200  0.5520  0.4840  0.4360  0.6240  0.3920
