         2       3       4       5       6       7       8       9      10
 1  0.6162  0.4125  0.3751  0.3233  0.2642  0.2245  0.2011  0.2128  0.1810
 2  0.6757  0.4949  0.4522  0.4019  0.3447  0.2988  0.2714  0.2764  0.2484
 3  0.7305  0.5718  0.5253  0.4806  0.4244  0.3756  0.3474  0.3456  0.3225
 4  0.7715  0.6271  0.5811  0.5397  0.4851  0.4333  0.4069  0.3997  0.3805
 5  0.7857  0.6486  0.6051  0.5656  0.5140  0.4660  0.4397  0.4271  0.4124
 6  0.8039  0.6762  0.6322  0.5962  0.5456  0.4969  0.4726  0.4558  0.4468
 7  0.8212  0.6993  0.6544  0.6233  0.5730  0.5238  0.5021  0.4816  0.4758
 8  0.8325  0.7164  0.6741  0.6411  0.5929  0.5487  0.5266  0.5045  0.5011
 9  0.8479  0.7399  0.6975  0.6691  0.6222  0.5766  0.5572  0.5335  0.5323
10  0.8550  0.7491  0.7081  0.6804  0.6357  0.5911  0.5725  0.5467  0.5480
11  0.8671  0.7664  0.7298  0.7037  0.6626  0.6212  0.6014  0.5776  0.5789
12  0.8792  0.7833  0.7486  0.7241  0.6846  0.6441  0.6251  0.6018  0.6037
13  0.8819  0.7868  0.7533  0.7312  0.6928  0.6517  0.6325  0.6089  0.6127
14  0.8874  0.7957  0.7632  0.7425  0.7042  0.6638  0.6448  0.6215  0.6268
15  0.8965  0.8067  0.7774  0.7570  0.7232  0.6830  0.6663  0.6432  0.6476
16  0.8997  0.8123  0.7830  0.7629  0.7305  0.6908  0.6742  0.6530  0.6565
17  0.9080  0.8231  0.7975  0.7784  0.7486  0.7095  0.6915  0.6722  0.6762
18  0.9106  0.8268  0.8009  0.7831  0.7542  0.7148  0.6965  0.6788  0.6819
19  0.9179  0.8375  0.8132  0.7971  0.7726  0.7333  0.7148  0.7005  0.7016
20  0.9222  0.8439  0.8207  0.8063  0.7842  0.7440  0.7255  0.7134  0.7138
21  0.9260  0.8500  0.8280  0.8160  0.7960  0.7540  0.7360  0.7260  0.7260
