           2         3         4         5        6        7         8        9         10
 1    0.1163    0.1708    0.1738    0.1848   0.1805   0.1656    0.1612   0.1491     0.1723
 2    0.1138    0.1645    0.1702    0.1810   0.1806   0.1675    0.1657   0.1628     0.1752
 3   0.09706    0.1392    0.1518    0.1586   0.1626   0.1555    0.1555   0.1658     0.1620
 4   0.07499    0.1122    0.1339    0.1358   0.1428   0.1463    0.1467   0.1624     0.1506
 5   0.06973    0.1019    0.1230    0.1253   0.1302   0.1362    0.1355   0.1590     0.1413
 6   0.06284   0.09137    0.1122    0.1128   0.1182   0.1259    0.1257   0.1524     0.1294
 7   0.04785   0.07142   0.08789   0.08775  0.09277  0.09983   0.09866   0.1380     0.1037
 8   0.04632   0.06705   0.08938   0.08757  0.09245   0.1036    0.1032   0.1424     0.1071
 9   0.03637   0.04934   0.06347   0.06096  0.06498  0.07290   0.07204   0.1273    0.07410
10   0.02817   0.04052   0.05867   0.05752  0.06089  0.07078   0.06913   0.1253    0.07286
11   0.03260   0.03976   0.04631   0.05023  0.05085  0.05974   0.05681   0.1208    0.05957
12   0.02587   0.03065   0.03012   0.03514  0.03487  0.03955   0.03500   0.1150    0.03319
13   0.02243   0.02788   0.03015   0.03231  0.03433  0.03690   0.03246   0.1139    0.02961
14   0.01803   0.02371   0.03162   0.03030  0.03435  0.03837   0.03521   0.1124    0.03417
15   0.01800   0.02053   0.01889   0.02177  0.02495  0.02649   0.02012   0.1034    0.01211
16   0.01746   0.01963   0.01946   0.02071  0.02492  0.02615   0.01873   0.1024   0.008848
17   0.01331   0.01477   0.01412   0.01550  0.01950  0.02035   0.01451  0.08713   0.006215
18   0.01313   0.01497   0.01368   0.01586  0.01819  0.01930   0.01320  0.08363   0.006831
19   0.01120   0.01239   0.01106   0.01299  0.01648  0.01711   0.01142  0.06477   0.002779
20  0.008292  0.009165  0.007922  0.009602  0.01222  0.01266  0.008292  0.04754  0.0008729
21     0.000     0.000     0.000     0.000    0.000    0.000     0.000    0.000      0.000
