          2        3        4        5        6        7        8        9       10
 1  0.08926   0.1189   0.1103   0.1156   0.1111  0.09700  0.09131  0.08550  0.08859
 2  0.09406   0.1256   0.1209   0.1295   0.1258   0.1149   0.1128   0.1062   0.1102
 3  0.08912   0.1214   0.1212   0.1313   0.1290   0.1242   0.1236   0.1188   0.1224
 4  0.07691   0.1076   0.1139   0.1232   0.1227   0.1255   0.1244   0.1225   0.1274
 5  0.07887   0.1100   0.1188   0.1276   0.1284   0.1339   0.1321   0.1326   0.1379
 6  0.07232   0.1004   0.1114   0.1192   0.1223   0.1281   0.1253   0.1270   0.1312
 7  0.06440  0.09085   0.1052   0.1122   0.1160   0.1266   0.1219   0.1263   0.1335
 8  0.06146  0.08707   0.1046   0.1095   0.1159   0.1276   0.1223   0.1300   0.1334
 9  0.05737  0.08064  0.09970   0.1058   0.1129   0.1233   0.1196   0.1285   0.1304
10  0.05193  0.07326  0.09515  0.09929   0.1068   0.1181   0.1142   0.1236   0.1265
11  0.05556  0.07866   0.1022   0.1086   0.1166   0.1278   0.1244   0.1361   0.1384
12  0.05017  0.06837  0.09234  0.09532   0.1049   0.1168   0.1119   0.1234   0.1249
13  0.04627  0.06484  0.08877  0.09375   0.1019   0.1117   0.1083   0.1204   0.1211
14  0.04400  0.05944  0.08352  0.08621  0.09611   0.1049  0.09999   0.1135   0.1125
15  0.04052  0.05492  0.07695  0.07887  0.08920  0.09703  0.09346   0.1065   0.1036
16  0.04041  0.05452  0.07555  0.07839  0.08959  0.09729  0.09318   0.1075   0.1040
17  0.03532  0.04780  0.06646  0.06946  0.07925  0.08466  0.08138  0.09381  0.09001
18  0.02964  0.03992  0.05761  0.05973  0.06959  0.07437  0.07125  0.08265  0.08026
19  0.02332  0.03186  0.04496  0.04734  0.05538  0.05868  0.05637  0.06576  0.06292
20  0.01691  0.02342  0.03249  0.03438  0.04070  0.04295  0.04080  0.04805  0.04575
21    0.000    0.000    0.000    0.000    0.000    0.000    0.000    0.000    0.000
