           2        3        4        5        6        7        8        9       10
 1   0.07721  0.07729  0.08474  0.07389  0.07649  0.07428  0.06570  0.06519  0.06065
 2   0.07605  0.07922  0.08541  0.08312  0.08249  0.07771  0.07477  0.07204  0.06805
 3   0.06871  0.07471  0.08169  0.08453  0.08354  0.07902  0.07690  0.07563  0.07221
 4   0.05833  0.06457  0.07072  0.07533  0.07479  0.06962  0.06846  0.06726  0.06584
 5   0.05563  0.06219  0.07172  0.07457  0.07498  0.07097  0.06879  0.06858  0.06750
 6   0.04772  0.05392  0.06363  0.06756  0.06696  0.06321  0.06309  0.06312  0.06106
 7   0.04567  0.05293  0.05929  0.06365  0.06382  0.06213  0.06201  0.06178  0.06074
 8   0.03975  0.04717  0.05549  0.05801  0.05834  0.05526  0.05397  0.05467  0.05320
 9   0.03587  0.04259  0.04790  0.05198  0.05133  0.04947  0.04846  0.05090  0.04877
10   0.03070  0.03792  0.04185  0.04414  0.04338  0.04282  0.04301  0.04367  0.04273
11   0.03158  0.03860  0.04428  0.04639  0.04777  0.04542  0.04489  0.04793  0.04608
12   0.02605  0.03229  0.03431  0.03740  0.03825  0.03683  0.03750  0.03916  0.03792
13   0.02430  0.02906  0.03139  0.03579  0.03499  0.03612  0.03505  0.03713  0.03602
14   0.02253  0.02891  0.03024  0.03124  0.03283  0.03317  0.03415  0.03589  0.03367
15   0.01958  0.02518  0.02691  0.02834  0.02940  0.02864  0.02963  0.03251  0.03077
16   0.01872  0.02284  0.02563  0.02705  0.02747  0.02759  0.02852  0.03177  0.02959
17   0.01638  0.01996  0.02111  0.02256  0.02367  0.02442  0.02521  0.02792  0.02647
18   0.01473  0.01884  0.01982  0.02015  0.02100  0.02159  0.02450  0.02525  0.02387
19   0.01160  0.01529  0.01666  0.01566  0.01610  0.01709  0.02003  0.02049  0.01983
20  0.008237  0.01125  0.01316  0.01104  0.01118  0.01265  0.01540  0.01614  0.01537
21     0.000    0.000    0.000    0.000    0.000    0.000    0.000    0.000    0.000
