         2       3       4       5       6       7       8       9      10
 1  0.5914  0.4334  0.3533  0.2965  0.2585  0.2349  0.2144  0.1942  0.1778
 2  0.6385  0.4855  0.4073  0.3471  0.3084  0.2789  0.2548  0.2331  0.2144
 3  0.6772  0.5314  0.4555  0.3972  0.3579  0.3226  0.2973  0.2740  0.2542
 4  0.6988  0.5592  0.4851  0.4255  0.3876  0.3495  0.3241  0.2997  0.2792
 5  0.7166  0.5771  0.5037  0.4483  0.4120  0.3711  0.3447  0.3200  0.2995
 6  0.7258  0.5913  0.5181  0.4640  0.4282  0.3844  0.3580  0.3343  0.3118
 7  0.7379  0.6032  0.5338  0.4795  0.4474  0.3995  0.3720  0.3486  0.3263
 8  0.7438  0.6117  0.5454  0.4904  0.4575  0.4115  0.3834  0.3606  0.3384
 9  0.7527  0.6246  0.5598  0.5079  0.4767  0.4274  0.4006  0.3774  0.3546
10  0.7553  0.6308  0.5658  0.5140  0.4829  0.4344  0.4064  0.3843  0.3605
11  0.7604  0.6386  0.5752  0.5240  0.4940  0.4452  0.4159  0.3945  0.3708
12  0.7665  0.6452  0.5834  0.5326  0.5054  0.4532  0.4253  0.4048  0.3798
13  0.7675  0.6469  0.5853  0.5339  0.5070  0.4561  0.4255  0.4060  0.3808
14  0.7700  0.6523  0.5896  0.5389  0.5124  0.4613  0.4306  0.4114  0.3850
15  0.7724  0.6563  0.5934  0.5445  0.5189  0.4673  0.4358  0.4177  0.3914
16  0.7729  0.6570  0.5937  0.5470  0.5200  0.4694  0.4362  0.4189  0.3913
17  0.7774  0.6625  0.6005  0.5543  0.5278  0.4771  0.4446  0.4285  0.4004
18  0.7774  0.6629  0.6013  0.5554  0.5302  0.4781  0.4436  0.4288  0.3999
19  0.7785  0.6658  0.6049  0.5590  0.5323  0.4812  0.4470  0.4324  0.4031
20  0.7790  0.6692  0.6083  0.5609  0.5352  0.4827  0.4500  0.4349  0.4052
21  0.7800  0.6740  0.6140  0.5600  0.5420  0.4840  0.4560  0.4400  0.4100
