         2       3       4       5       6       7       8       9      10
 1  0.2646  0.1467  0.1893  0.1771  0.1385  0.1168  0.1061  0.1305  0.1039
 2  0.4108  0.2922  0.3128  0.2966  0.2538  0.2217  0.2059  0.2207  0.1967
 3  0.5124  0.3976  0.4014  0.3847  0.3400  0.3026  0.2851  0.2921  0.2719
 4  0.5648  0.4567  0.4569  0.4404  0.3986  0.3600  0.3437  0.3455  0.3280
 5  0.6413  0.5388  0.5278  0.5177  0.4714  0.4310  0.4180  0.4130  0.4005
 6  0.6714  0.5762  0.5656  0.5525  0.5099  0.4687  0.4554  0.4509  0.4382
 7  0.7302  0.6446  0.6323  0.6234  0.5834  0.5450  0.5336  0.5276  0.5170
 8  0.7632  0.6844  0.6733  0.6634  0.6247  0.5897  0.5781  0.5720  0.5609
 9  0.7888  0.7120  0.7025  0.6954  0.6579  0.6265  0.6136  0.6063  0.5993
10  0.8174  0.7504  0.7410  0.7354  0.7022  0.6734  0.6626  0.6562  0.6502
11  0.8372  0.7746  0.7665  0.7613  0.7319  0.7037  0.6947  0.6881  0.6837
12  0.8513  0.7896  0.7837  0.7775  0.7473  0.7224  0.7090  0.7046  0.7009
13  0.8708  0.8144  0.8103  0.8036  0.7766  0.7554  0.7403  0.7378  0.7344
14  0.8887  0.8358  0.8338  0.8298  0.8053  0.7851  0.7739  0.7728  0.7691
15  0.9010  0.8561  0.8568  0.8521  0.8299  0.8147  0.8027  0.8010  0.7983
16  0.9201  0.8801  0.8812  0.8774  0.8587  0.8443  0.8337  0.8338  0.8314
17  0.9305  0.8924  0.8944  0.8903  0.8735  0.8613  0.8500  0.8511  0.8488
18  0.9475  0.9165  0.9201  0.9172  0.9037  0.8946  0.8846  0.8868  0.8846
19  0.9668  0.9477  0.9487  0.9489  0.9405  0.9338  0.9280  0.9306  0.9285
20  0.9810  0.9727  0.9709  0.9739  0.9685  0.9640  0.9611  0.9637  0.9616
21  0.9920  0.9970  0.9920  0.9975  0.9952  0.9930  0.9931  0.9955  0.9933
