    2 patterns  3 patterns  4 patterns  5 patterns  6 patterns
 1       24.15       18.72       22.11       21.43       100.0
 2       32.58       26.09       30.40       35.05       100.0
 3       38.78       31.63       37.15       47.55       100.0
 4       43.46       35.90       42.10       56.23       100.0
 5       49.70       41.61       48.28       65.89       100.0
 6       53.05       44.74       51.79       69.02       100.0
 7       59.78       51.74       58.34       76.34       100.0
 8       63.60       55.38       62.48       80.65       100.0
 9       66.47       58.87       65.45       83.74       100.0
10       70.81       63.78       69.80       86.35       100.0
11       73.48       66.75       72.95       88.62       100.0
12       74.73       67.86       74.44       89.83       100.0
13       77.38       71.08       77.29       91.51       100.0
14       80.43       74.73       80.09       92.72       100.0
15       82.77       77.96       82.83       93.67       100.0
16       85.62       81.07       85.57       95.05       100.0
17       87.05       82.74       87.11       95.72       100.0
18       89.95       86.55       90.28       96.99       100.0
19       93.78       91.38       94.17       98.17       100.0
20       96.64       95.12       97.12       99.13       100.0
21       99.40       98.73       100.0       100.0       100.0
