         2       3       4       5       6       7       8       9      10
 1  0.6151  0.4083  0.3746  0.3233  0.2633  0.2261  0.2054  0.2132  0.1802
 2  0.6733  0.4892  0.4516  0.4013  0.3439  0.3008  0.2777  0.2776  0.2470
 3  0.7270  0.5637  0.5239  0.4789  0.4235  0.3780  0.3549  0.3461  0.3199
 4  0.7669  0.6198  0.5791  0.5372  0.4860  0.4381  0.4148  0.4018  0.3783
 5  0.7813  0.6428  0.6032  0.5635  0.5164  0.4698  0.4475  0.4306  0.4091
 6  0.7987  0.6697  0.6291  0.5928  0.5474  0.5025  0.4799  0.4590  0.4407
 7  0.8169  0.6928  0.6531  0.6184  0.5769  0.5299  0.5094  0.4860  0.4705
 8  0.8257  0.7102  0.6692  0.6380  0.5964  0.5544  0.5335  0.5088  0.4934
 9  0.8432  0.7331  0.6928  0.6654  0.6279  0.5858  0.5649  0.5378  0.5258
10  0.8500  0.7448  0.6999  0.6741  0.6400  0.5988  0.5775  0.5497  0.5370
11  0.8598  0.7617  0.7231  0.6972  0.6661  0.6292  0.6060  0.5801  0.5682
12  0.8714  0.7805  0.7414  0.7169  0.6888  0.6548  0.6303  0.6034  0.5923
13  0.8750  0.7848  0.7461  0.7224  0.6961  0.6620  0.6361  0.6103  0.5994
14  0.8797  0.7927  0.7560  0.7311  0.7066  0.6750  0.6478  0.6217  0.6117
15  0.8868  0.8049  0.7691  0.7457  0.7236  0.6951  0.6656  0.6415  0.6311
16  0.8896  0.8103  0.7749  0.7504  0.7305  0.7034  0.6724  0.6484  0.6391
17  0.8961  0.8214  0.7891  0.7634  0.7471  0.7220  0.6873  0.6659  0.6565
18  0.8978  0.8256  0.7931  0.7671  0.7515  0.7283  0.6920  0.6709  0.6607
19  0.9044  0.8388  0.8073  0.7811  0.7698  0.7489  0.7089  0.6905  0.6807
20  0.9082  0.8472  0.8157  0.7888  0.7809  0.7614  0.7186  0.7016  0.6923
21  0.9120  0.8560  0.8240  0.7960  0.7920  0.7740  0.7280  0.7120  0.7040
