         2       3       4       5       6       7       8       9      10
 1  0.6151  0.4083  0.3746  0.3233  0.2633  0.2261  0.2054  0.2132  0.1802
 2  0.6749  0.4899  0.4533  0.4046  0.3428  0.3007  0.2777  0.2786  0.2474
 3  0.7313  0.5676  0.5283  0.4847  0.4247  0.3803  0.3572  0.3500  0.3230
 4  0.7721  0.6244  0.5872  0.5453  0.4890  0.4411  0.4188  0.4075  0.3834
 5  0.7903  0.6501  0.6153  0.5760  0.5246  0.4766  0.4554  0.4416  0.4183
 6  0.8103  0.6795  0.6456  0.6095  0.5597  0.5119  0.4910  0.4734  0.4554
 7  0.8296  0.7051  0.6730  0.6374  0.5918  0.5432  0.5245  0.5047  0.4872
 8  0.8394  0.7224  0.6940  0.6593  0.6152  0.5700  0.5516  0.5314  0.5151
 9  0.8591  0.7499  0.7206  0.6905  0.6518  0.6040  0.5849  0.5642  0.5532
10  0.8659  0.7632  0.7353  0.7057  0.6682  0.6236  0.6042  0.5843  0.5731
11  0.8784  0.7833  0.7629  0.7334  0.6998  0.6601  0.6389  0.6200  0.6104
12  0.8931  0.8037  0.7863  0.7584  0.7282  0.6904  0.6659  0.6496  0.6416
13  0.8973  0.8095  0.7945  0.7667  0.7389  0.7019  0.6780  0.6602  0.6529
14  0.9043  0.8208  0.8085  0.7806  0.7560  0.7180  0.6923  0.6769  0.6720
15  0.9153  0.8392  0.8291  0.8030  0.7819  0.7473  0.7218  0.7072  0.7029
16  0.9205  0.8458  0.8373  0.8129  0.7929  0.7596  0.7353  0.7211  0.7182
17  0.9300  0.8617  0.8556  0.8333  0.8179  0.7854  0.7586  0.7469  0.7453
18  0.9334  0.8678  0.8624  0.8414  0.8278  0.7953  0.7681  0.7567  0.7555
19  0.9438  0.8845  0.8801  0.8622  0.8531  0.8219  0.7941  0.7863  0.7859
20  0.9504  0.8970  0.8913  0.8768  0.8696  0.8383  0.8106  0.8058  0.8060
21  0.9580  0.9100  0.9020  0.8900  0.8860  0.8540  0.8280  0.8220  0.8260
