          2        3        4        5        6        7        8        9       10
 1  0.08916   0.1149   0.1096   0.1125   0.1115  0.09852  0.09212  0.08280  0.08905
 2  0.09399   0.1234   0.1206   0.1265   0.1281   0.1183   0.1146   0.1038   0.1121
 3  0.09085   0.1205   0.1216   0.1278   0.1341   0.1296   0.1257   0.1171   0.1245
 4  0.07747   0.1073   0.1127   0.1186   0.1258   0.1309   0.1257   0.1215   0.1278
 5  0.07852   0.1099   0.1172   0.1235   0.1323   0.1398   0.1330   0.1310   0.1368
 6  0.07286   0.1017   0.1098   0.1146   0.1257   0.1339   0.1256   0.1243   0.1297
 7  0.06355  0.09182   0.1030   0.1078   0.1181   0.1317   0.1224   0.1246   0.1289
 8  0.05988  0.09015   0.1002   0.1035   0.1162   0.1313   0.1215   0.1264   0.1283
 9  0.05555  0.08466  0.09633  0.09916   0.1121   0.1273   0.1164   0.1229   0.1252
10  0.04938  0.07747  0.08918  0.09100   0.1041   0.1208   0.1085   0.1173   0.1191
11  0.05230  0.08446  0.09811  0.09896   0.1139   0.1311   0.1186   0.1285   0.1302
12  0.04550  0.07564  0.08725  0.08742   0.1016   0.1185   0.1075   0.1170   0.1185
13  0.04308  0.07168  0.08463  0.08399  0.09809   0.1137   0.1020   0.1116   0.1146
14  0.03930  0.06669  0.07874  0.07757  0.09155   0.1058  0.09464   0.1050   0.1062
15  0.03485  0.06147  0.07167  0.07059  0.08305  0.09641  0.08469  0.09593  0.09790
16  0.03437  0.06308  0.07166  0.07050  0.08416  0.09801  0.08622  0.09732  0.09719
17  0.03014  0.05522  0.06286  0.06169  0.07448  0.08522  0.07526  0.08509  0.08517
18  0.02494  0.04788  0.05447  0.05268  0.06434  0.07354  0.06483  0.07425  0.07543
19  0.01939  0.03831  0.04307  0.04254  0.05125  0.05826  0.05157  0.05967  0.06081
20  0.01377  0.02820  0.03154  0.03118  0.03743  0.04248  0.03748  0.04384  0.04477
21    0.000    0.000    0.000    0.000    0.000    0.000    0.000    0.000    0.000
