          2        3        4        5        6        7        8        9       10
 1  0.08916   0.1149   0.1096   0.1125   0.1115  0.09852  0.09212  0.08280  0.08905
 2  0.09567   0.1240   0.1199   0.1249   0.1294   0.1179   0.1151   0.1041   0.1118
 3  0.09298   0.1226   0.1228   0.1277   0.1368   0.1317   0.1281   0.1189   0.1265
 4  0.07890   0.1096   0.1144   0.1192   0.1297   0.1345   0.1292   0.1242   0.1303
 5  0.08096   0.1142   0.1232   0.1273   0.1401   0.1470   0.1401   0.1379   0.1450
 6  0.07667   0.1071   0.1178   0.1216   0.1335   0.1434   0.1343   0.1341   0.1412
 7  0.06847  0.09958   0.1140   0.1176   0.1289   0.1440   0.1342   0.1377   0.1442
 8  0.06441  0.09571   0.1109   0.1157   0.1280   0.1447   0.1339   0.1395   0.1446
 9  0.06177  0.09393   0.1094   0.1135   0.1273   0.1451   0.1341   0.1419   0.1445
10  0.05953  0.08976   0.1070   0.1107   0.1261   0.1440   0.1328   0.1425   0.1437
11  0.06456  0.09720   0.1160   0.1208   0.1386   0.1573   0.1445   0.1573   0.1594
12  0.05627  0.08629   0.1042   0.1087   0.1262   0.1450   0.1343   0.1450   0.1465
13  0.05526  0.08630   0.1045   0.1081   0.1253   0.1420   0.1318   0.1441   0.1461
14  0.05132  0.07847  0.09661   0.1011   0.1171   0.1362   0.1256   0.1364   0.1363
15  0.04790  0.07335  0.08878  0.09473   0.1100   0.1292   0.1184   0.1298   0.1301
16  0.04885  0.07564  0.09088  0.09767   0.1150   0.1324   0.1218   0.1348   0.1325
17  0.04389  0.06760  0.07928  0.08653   0.1015   0.1160   0.1082   0.1199   0.1182
18  0.03818  0.05840  0.06942  0.07597  0.08879   0.1029  0.09614   0.1083   0.1070
19  0.03054  0.04750  0.05372  0.06112  0.06965  0.08211  0.07691  0.08661  0.08643
20  0.02260  0.03716  0.03916  0.04527  0.05039  0.06038  0.05779  0.06504  0.06474
21    0.000    0.000    0.000    0.000    0.000    0.000    0.000    0.000    0.000
