         2       3       4       5       6       7       8       9      10
 1  0.5582  0.4031  0.3339  0.2728  0.2342  0.2069  0.1918  0.1725  0.1586
 2  0.6059  0.4525  0.3833  0.3209  0.2768  0.2515  0.2305  0.2107  0.1923
 3  0.6453  0.4964  0.4312  0.3666  0.3207  0.2945  0.2703  0.2493  0.2282
 4  0.6669  0.5196  0.4565  0.3968  0.3458  0.3206  0.2957  0.2738  0.2521
 5  0.6854  0.5400  0.4769  0.4150  0.3653  0.3380  0.3120  0.2901  0.2671
 6  0.6954  0.5500  0.4891  0.4281  0.3778  0.3507  0.3258  0.3036  0.2790
 7  0.7064  0.5617  0.5014  0.4403  0.3909  0.3653  0.3375  0.3165  0.2906
 8  0.7135  0.5693  0.5114  0.4500  0.4011  0.3729  0.3447  0.3236  0.2976
 9  0.7263  0.5855  0.5266  0.4666  0.4183  0.3901  0.3615  0.3413  0.3141
10  0.7319  0.5891  0.5318  0.4722  0.4230  0.3944  0.3644  0.3466  0.3186
11  0.7381  0.5971  0.5415  0.4829  0.4337  0.4043  0.3766  0.3571  0.3286
12  0.7455  0.6053  0.5478  0.4914  0.4426  0.4125  0.3844  0.3648  0.3358
13  0.7478  0.6076  0.5508  0.4946  0.4456  0.4148  0.3859  0.3684  0.3392
14  0.7512  0.6118  0.5551  0.4998  0.4506  0.4186  0.3908  0.3740  0.3442
15  0.7532  0.6143  0.5596  0.5059  0.4550  0.4253  0.3950  0.3794  0.3490
16  0.7552  0.6153  0.5610  0.5086  0.4581  0.4274  0.3975  0.3819  0.3513
17  0.7600  0.6204  0.5668  0.5168  0.4653  0.4337  0.4040  0.3876  0.3567
18  0.7593  0.6204  0.5683  0.5191  0.4674  0.4354  0.4066  0.3902  0.3591
19  0.7613  0.6237  0.5725  0.5230  0.4717  0.4399  0.4114  0.3946  0.3630
20  0.7614  0.6254  0.5756  0.5254  0.4739  0.4423  0.4133  0.3955  0.3635
21  0.7600  0.6280  0.5800  0.5260  0.4740  0.4440  0.4120  0.3940  0.3600
