           2        3        4        5        6        7        8        9       10
 1   0.08836  0.08833  0.08576  0.07638  0.07251  0.06716  0.06667  0.06322  0.05989
 2   0.08790  0.09109  0.09191  0.08820  0.08383  0.07841  0.07689  0.07386  0.06940
 3   0.08041  0.08775  0.08762  0.08852  0.08494  0.07929  0.07841  0.07607  0.07179
 4   0.06809  0.07536  0.08146  0.07906  0.07716  0.07373  0.07208  0.06900  0.06603
 5   0.06675  0.07613  0.08127  0.08048  0.07711  0.07337  0.07076  0.06906  0.06611
 6   0.05827  0.06957  0.07158  0.07186  0.07063  0.06743  0.06577  0.06432  0.06139
 7   0.05710  0.06644  0.06741  0.06855  0.06681  0.06461  0.06371  0.06197  0.05939
 8   0.05081  0.06081  0.06214  0.06322  0.06239  0.05925  0.05908  0.05775  0.05515
 9   0.04556  0.05468  0.05451  0.05825  0.05457  0.05272  0.05352  0.05222  0.04990
10   0.03783  0.04651  0.04557  0.05119  0.04790  0.04594  0.04727  0.04459  0.04325
11   0.03981  0.04866  0.04832  0.05338  0.04983  0.04823  0.05002  0.04754  0.04555
12   0.03303  0.04110  0.04009  0.04741  0.04298  0.04147  0.04380  0.04168  0.04016
13   0.03097  0.03652  0.03668  0.04190  0.03742  0.03575  0.03707  0.03598  0.03412
14   0.02923  0.03335  0.03282  0.03800  0.03375  0.03294  0.03683  0.03395  0.03307
15   0.02637  0.03080  0.03232  0.03662  0.03241  0.03010  0.03360  0.03094  0.03035
16   0.02553  0.02979  0.03000  0.03639  0.03013  0.02980  0.03221  0.03139  0.03053
17   0.01916  0.02319  0.02332  0.02845  0.02430  0.02368  0.02538  0.02504  0.02453
18   0.01725  0.02062  0.02192  0.02490  0.02247  0.02009  0.02336  0.02101  0.02087
19   0.01384  0.01719  0.01847  0.01980  0.01821  0.01617  0.01873  0.01749  0.01743
20  0.009574  0.01312  0.01347  0.01318  0.01284  0.01105  0.01287  0.01203  0.01206
21     0.000    0.000    0.000    0.000    0.000    0.000    0.000    0.000    0.000
