heavy_green_glass,0,1.433189492384575E7,1.2126231249065831E7,1.1006209620522255E7,1.1252827759847976E7,3144624.7693511867,2399799.1043651807,6083490.851317927,3556315.914971023,1.146116894117649E7,1.0542684705882281E7,1.2089946352941183E7,1.2452779764705861E7
heavy_green_glass,1,1.278945756826991E7,8426089.198671935,1.1073280596438125E7,7238752.190816944,2973104.578317549,2354578.3688803622,4923796.839679694,3423347.1278794953,1.1118526588235313E7,8477802.352941139,1.2248299764705895E7,9889228.235294143
heavy_green_glass,2,1.0113845712160546E7,7479700.282004481,8912337.66089715,6728780.335060973,3289949.5467118416,1992290.6300644448,4872938.747323662,2483972.112600686,8369066.823529389,7072225.411764711,1.1152852235294117E7,1.0071422117647069E7
heavy_green_glass,3,1.906432839755565E7,1.3159164196784452E7,1.259488929154522E7,9649609.54784873,1799807.6751976917,1639843.0803663305,6929837.313601316,4839951.718310928,1.719938541176468E7,1.3271491764705915E7,1.1257130823529374E7,7381365.176470569
heavy_green_glass,4,1.531028665884444E7,8927962.628800852,1.0470410944943337E7,7822310.557578173,2232582.3769630836,1524055.0521852418,8190270.37059164,3895994.294239021,1.5204711529411798E7,1.2424122352941234E7,9292348.235294102,8222402.823529421
heavy_green_glass,5,1.2215151580290863E7,8616587.33905387,1.1177631266430637E7,8045259.804432371,4858697.697231891,2950049.089519689,6102727.165199021,2934338.622422054,8459336.47058827,7443724.235294138,1.670602588235295E7,1.4171181176470606E7
heavy_green_glass,6,1.6093109073834294E7,1.188938339889791E7,1.651186842537889E7,1.0762909474859666E7,2904698.460637652,2909302.789157129,5313130.196717313,4461004.015501088,1.3278775058823496E7,9701284.23529406,1.540108094117647E7,1.1594062588235278E7
heavy_green_glass,7,1.613781563950636E7,1.0888547301911447E7,1.095742644892447E7,7481359.6500998605,1607640.4517853667,1569244.5131136617,6146660.03898232,4246071.025542599,1.4260445647058837E7,1.1029046117647056E7,9957690.352941174,6455234.823529416
heavy_green_glass,8,1.1872646377799496E7,7171713.351443747,9147069.35753526,4130641.806812761,1158044.8143450874,1185364.608643542,3743342.933388501,3272200.3866981794,1.055939576470593E7,7386688.941176446,9317569.411764706,5056660.235294117
heavy_green_glass,9,2.0310636652146664E7,1.2605919995714441E7,1.6393404830027057E7,7734214.843544237,2106256.464776823,2325940.959390071,6171724.113297966,5797698.370405342,1.7976074823529344E7,1.236724799999995E7,1.527954917647054E7,8336768.470588239
heavy_green_beans,0,1.1839245348621914E7,9640174.266316274,9831489.367284233,8881835.953613032,2409575.192826018,2037488.7591370528,4363811.487497292,2869420.4290323094,9066806.11764705,8165968.941176404,1.0527169411764707E7,1.0153269176470574E7
heavy_green_beans,1,1.5025653933102574E7,1.0691092979281897E7,1.177675162386092E7,8906790.87617072,2692419.713700573,2363658.436012983,5298808.456519134,3895605.3276256737,1.2188474823529394E7,1.011594635294118E7,1.2167007529411769E7,1.0796140235294137E7
heavy_green_beans,2,1.056697734041483E7,7321372.928321524,8391682.831831668,6020981.77727445,2478533.344760426,1651421.701727095,4747237.002502012,2617472.702587154,9225247.058823507,7347231.529411734,9959080.941176489,8329753.411764716
heavy_green_beans,3,1.8643874403578088E7,1.4601947314956825E7,1.142238098465906E7,1.1684081267208807E7,2316543.045893209,2212142.77573767,7180951.73257291,5399500.580024062,1.4655979764705919E7,1.1843932235294126E7,8540003.294117644,7494227.294117624
heavy_green_beans,4,1.3199200469848972E7,7767485.1189940665,9086748.19635711,7129378.544102032,2331273.928432153,1638502.5198037697,5627419.283706082,3157100.122500543,1.1617224000000054E7,9725980.23529419,9558676.235294133,8865823.058823531
heavy_green_beans,5,1.1751776418119928E7,7879013.688689768,1.0280292835474927E7,7241781.079109522,3396501.1276270836,2631620.068823596,4862091.808951992,2869493.608489555,8808615.529411767,7051033.411764724,1.44663134117647E7,1.216156376470589E7
heavy_green_beans,6,1.5074934164922152E7,1.10729158742058E7,1.2734130410580102E7,9572199.305872275,2173897.5500972974,2236362.598071142,4761391.150347729,3745162.7029021876,1.2702341647058873E7,9129379.764705835,1.2863704941176483E7,9096972.705882333
heavy_green_beans,7,1.7874178019840747E7,1.1482454627832811E7,1.4766659987418901E7,7036285.157692287,1534011.2892101626,1389328.9876280176,4912469.190396674,4250224.576570314,1.6476766588235276E7,1.154641694117647E7,1.3460600470588205E7,5872393.411764693
heavy_green_beans,8,1.6504227805096552E7,1.0239879195008093E7,1.2298773025019195E7,6290569.354851817,1326053.5180426855,1299826.24667253,4973943.628214735,3809414.176009129,1.5270470117647067E7,1.1017485176470589E7,1.156620141176467E7,5807305.411764685
heavy_green_beans,9,1.1807490594552882E7,7256161.000844902,1.2110042117502462E7,6708700.085510529,2465833.112367022,2181896.3493728032,3889328.660725914,2914939.081643111,9518800.94117645,5967749.647058785,1.243428282352945E7,8303656.941176472
heavy_green_rice,0,1.2947780269136708E7,1.0437998494231155E7,1.0726490855685256E7,9845652.094275031,2787162.1087950594,2387573.5299482006,5716663.530899209,3259768.965907963,9616391.999999994,9061586.823529344,1.1884202823529407E7,1.147197458823527E7
heavy_green_rice,1,1.011592139127695E7,7063627.087944448,9013401.571107788,5924328.515791721,2945926.508468098,1960132.3008288937,4497011.748780341,2690240.842103048,9104176.941176454,6884165.647058833,1.0322152941176498E7,8479898.823529415
heavy_green_rice,2,1.1482688908482363E7,8530569.211046098,1.0233617823601432E7,7708038.570796603,4712818.556564171,2572904.2734494433,6629294.448120906,2832715.13560337,9817022.117647016,7521647.99999999,1.4636265882352937E7,1.1768473411764719E7
heavy_green_rice,3,1.4642225668961378E7,1.0437318044009592E7,1.005399282753373E7,7314538.689929097,2408017.569793443,1954030.3039827605,7388390.669978148,4105785.709696691,1.1715347294117674E7,8899384.941176493,9870241.411764713,6839452.235294116
heavy_green_rice,4,1.1794953126177862E7,7099805.574154443,8369762.110754921,6154222.42617682,2410830.6005278653,1441834.8490089527,7086756.055388803,3206995.123695468,1.2064106823529417E7,9213756.705882376,9364925.64705882,6825271.058823534
heavy_green_rice,5,8036050.819710121,6216010.832988571,7449323.088730647,5619665.539241347,3919400.5595896807,1915297.3098180022,4398057.3167678695,2108238.250405305,7094398.588235292,5786176.941176469,1.0747655999999994E7,9303197.647058833
heavy_green_rice,6,1.3232630962210193E7,9571764.65864783,1.1530295956562726E7,7615097.69896937,1787604.1604872616,1792799.4492046626,4046422.902229218,3281848.8455342627,1.1451791999999978E7,8003333.647058786,1.0884340235294107E7,7304656.941176457
heavy_green_rice,7,1.8865727908294644E7,1.296587050066402E7,1.384015400739054E7,8630520.463008719,2176795.3898173515,1853572.5843953749,6284245.431544945,4794217.7826432455,1.70836814117647E7,1.2787037647058796E7,1.2109174588235289E7,8057498.823529413
heavy_green_rice,8,1.93163677559596E7,1.187119200558833E7,1.5001602978702445E7,6890866.035736315,1718920.7089638743,1507643.9231007714,7601248.695711565,4949883.5835573245,1.816913647058824E7,1.3025733176470594E7,1.4777909647058811E7,6455536.941176471
heavy_green_rice,9,1.143793376437397E7,7622141.970107737,9489628.464970214,5035031.419635169,1992250.9455732764,1453309.8563240438,4249848.5569024915,2854874.2086875634,1.0309684235294113E7,6992383.058823491,9622050.35294116,5964460.235294118
medium_blue_beans,0,1.712494232883171E7,1.074450231195697E7,2.1014247954764873E7,1.0044650059551856E7,7457196.344543015,2245672.914701397,1.1153377531909613E7,3368184.27342155,1.2255993882352935E7,9711989.647058725,1.3595615999999994E7,1.1467197176470567E7
medium_blue_beans,1,1.9170024761233896E7,1.0980156439631974E7,2.467246715460726E7,1.1088006065695306E7,9547514.688561084,2934711.689341611,1.0629957097876662E7,3420927.5471447543,1.3369198588235293E7,9580599.529411688,1.7917386352941144E7,1.3995187764705902E7
medium_blue_beans,2,1.8825994583739113E7,1.0080677972166616E7,2.2296439707675435E7,9184945.918570502,6768738.346473458,2736147.8146141605,1.1073935888333293E7,4052758.47650851,1.4076180705882376E7,9726638.117647106,1.4741102117647065E7,9942505.411764685
medium_blue_beans,3,1.837340649670852E7,1.1494182564281933E7,2.0659215213896167E7,8627533.515788449,1403618.8103482502,968352.1291705408,1.1241889842339067E7,4747097.765712627,1.729149035294115E7,1.3692129882352969E7,1.1953219764705878E7,5841038.11764706
medium_blue_beans,4,1.884161346328969E7,1.0430460342175266E7,2.292435561446021E7,9747476.464991735,7609628.551894161,2895922.1677642544,1.1082690436637433E7,4027940.4280940047,1.4447126117647033E7,1.000131811764697E7,1.6367302588235285E7,1.1526892235294102E7
medium_blue_beans,5,1.4715931396855809E7,8006894.564349651,1.830041185480955E7,7976756.474702295,5789767.878694657,2234203.3080401896,7804051.245152551,3008150.207544284,1.0849811294117654E7,7242902.117647028,1.3334099294117652E7,9205005.176470574
medium_blue_beans,6,1.3414633016533932E7,8491163.713374795,1.8253246366139237E7,9413764.569399018,7455335.285589763,2543141.806454666,7034110.022759969,2500367.7585948124,8490129.882352948,5724204.705882322,1.3200719999999983E7,1.0239176470588228E7
medium_blue_beans,7,1.5812355273755813E7,9993779.396608157,1.8674152572019298E7,8331754.561038276,3683962.4306123536,2426580.937285028,8381075.017786165,4467592.94939817,1.3517496000000017E7,9062594.823529404,1.3207838117647063E7,6684972.705882341
medium_blue_beans,8,1.5409593263889637E7,9504269.086340748,1.793333893599652E7,8019493.136781503,2003421.64744436,1600736.8426969436,8125861.630600729,4817135.165129192,1.4083113882352974E7,1.0245618352941189E7,1.2067087058823533E7,5164414.5882352935
medium_blue_beans,9,1.0281786091256658E7,6252873.702247297,1.216690526427266E7,5476395.076745303,1802822.1355133753,1442969.7784668442,5434140.951181833,3467029.6159466133,9023541.176470583,6170295.529411756,8489631.529411761,3714903.5294117713
light_blue_screws,0,1.516692661037169E7,8861779.634209596,2.0577709910736788E7,9982162.923792405,8245683.784928874,3724669.6008773963,6232433.994956578,3118177.79618203,9171752.470588231,5531388.705882342,1.5864343058823505E7,1.2125401411764732E7
light_blue_screws,1,2.04870603854459E7,1.139695679755594E7,2.593184402335921E7,1.1709373206645641E7,8698065.142459393,3639116.494960985,1.0176190295722118E7,4457293.349071213,1.4809708235294126E7,1.0242136941176416E7,1.8626086588235326E7,1.4043444705882348E7
light_blue_screws,2,1.4689582502754701E7,9221620.74140246,1.963403347369886E7,1.0514051148616472E7,6513525.813676112,2704444.415677765,7256939.89640278,3249158.4981766646,1.0425286588235287E7,7232315.294117593,1.3096778823529407E7,1.0243654588235313E7
light_blue_screws,3,1.7000639968638938E7,9801070.288370784,2.0981481777153127E7,8961360.480370179,7395703.23638262,2452309.053763052,1.090646285284011E7,3458397.9508625716,1.1360950588235287E7,8793679.058823572,1.2291419294117676E7,1.0301980235294113E7
light_blue_screws,4,1.787460784530604E7,1.1571325502702206E7,2.108559886957233E7,9811239.523222337,4115376.7357253255,2656622.8063040436,9377502.265901657,5781690.9408327425,1.5206647058823515E7,1.0825811294117644E7,1.2542138823529402E7,7624017.88235293
light_blue_screws,5,2.168236478569156E7,1.35763948508438E7,2.6027714171467595E7,1.138104487451616E7,6027160.067806089,2863491.06447904,1.2472154380826268E7,5214100.717669875,1.6608808941176498E7,1.2542394352941092E7,1.5301545882352926E7,1.1484311999999983E7
light_blue_screws,6,1.289262964921658E7,8281548.6482500965,1.7235937259094674E7,9290333.55219514,6237859.179136556,2415625.820577041,7114817.141433027,2812199.8429734036,8282685.176470581,6019343.999999949,1.1598666352941189E7,9190428.705882361
light_blue_screws,7,2.0687452316259693E7,1.1638527633809486E7,2.6769003486347977E7,1.2675760130272157E7,8968154.72127103,4098291.922709139,9902428.802304376,5050054.82187906,1.4988536470588213E7,9757242.352941101,1.9097522823529437E7,1.3984531764705878E7
light_blue_screws,8,1.8509160791195206E7,1.2643272780124584E7,2.1532933465010058E7,9275618.64715873,1641805.4140213719,1429911.2803207897,9262357.442494135,6363633.49965867,1.746803011764709E7,1.3640522823529387E7,1.2747924705882346E7,6995421.176470567
light_blue_screws,9,2.1651283228419013E7,1.4537744508975679E7,2.606365725051677E7,1.2648121957665136E7,4348801.15261525,3195195.7330168383,1.0701352746909779E7,7001764.79186395,1.9205233411764693E7,1.3792897411764711E7,1.6509523764705895E7,9682256.470588258
light_brown_glass,0,1.8461505101279218E7,1.0380664099065058E7,1.7299845326994896E7,9139115.913839357,5072045.196016315,2431167.6648301855,1.013773004398619E7,4162236.853838071,1.1937529411764698E7,8721585.882352887,1.2574061647058828E7,8922160.94117648
light_brown_glass,1,1.701929230945095E7,8923411.106536672,1.5539609384190999E7,7906723.977021692,5208678.402103046,2406014.0526031703,7959154.776159019,3161886.7587304246,1.0074814588235276E7,7216099.764705827,1.3341101647058837E7,1.0014046588235289E7
light_brown_glass,2,1.712488984967733E7,1.0047904581245186E7,1.7609461163764052E7,1.011945377560023E7,5951155.987200476,2308161.975808202,8810693.473661961,3212575.802072395,1.016322070588235E7,8056431.529411742,1.2548930823529428E7,1.028888329411766E7
light_brown_glass,3,2.1912823658494584E7,1.294029682955901E7,2.0157568903390978E7,1.1769257402761726E7,7372513.693721256,2726266.145096369,1.3584000239539107E7,4414183.284767264,1.368122258823529E7,1.0895863058823438E7,1.4030885647058818E7,1.1568191999999998E7
light_brown_glass,4,1.724114607879305E7,1.0085450844820889E7,1.4580045196405143E7,6995776.108487416,3062283.7361577214,1846487.4576244184,1.0640576988048494E7,4529884.155033201,1.28681802352941E7,9708594.352941174,9964205.647058828,6237814.588235299
light_brown_glass,5,1.4728648011878196E7,8046205.048056755,1.4167876463344391E7,7567910.979354156,5858609.433623277,2089088.5828235229,7522592.099376531,2592617.2758908644,8301419.294117643,7112819.294117602,1.1282919529411772E7,1.0171091294117644E7
light_brown_glass,6,2.1287433160984065E7,1.2244260030498229E7,2.1988942775578946E7,1.2359346861700831E7,9247592.075216224,3367048.075474462,1.1382814928766977E7,4068883.1797691644,1.1643278117647052E7,8916878.117647009,1.69409985882353E7,1.3748223529411744E7
light_brown_glass,7,1.711015122538612E7,9648618.440135576,1.7048091393303715E7,8265440.75499981,4715791.49261643,2855357.529076774,7518848.839748742,4293095.873506555,1.1933505882352935E7,7579101.176470568,1.4095600941176478E7,9180568.941176469
light_brown_glass,8,1.783344635258028E7,1.078120638015376E7,1.5404487609073065E7,7479801.081008987,2299497.7787835426,1371855.468445228,1.0879639260649394E7,4145192.091650537,1.4871849882353012E7,1.1635493647058824E7,9642662.117647056,6097089.882352943
light_brown_glass,9,1.6375859648953205E7,9935477.17998194,1.4731831587193713E7,6695426.271094102,3224995.623911277,2123731.403030734,8740488.595039183,4797870.054579143,1.2372662117647042E7,8743711.058823498,1.0876496470588222E7,6463368.000000008
light_green_screws,0,1.6929342165616583E7,1.1891707384176586E7,1.419647669880225E7,1.0686380814693809E7,2868484.8856023257,2369140.9453196414,5218033.249585529,3691873.730036802,1.1894455058823502E7,1.0394049882352855E7,1.2690389647058818E7,1.1829959999999989E7
light_green_screws,1,1.7954039048714653E7,1.1785446148692638E7,1.3125130687708993E7,8520180.363479296,2052302.5125023143,2024044.7035361077,4688473.674190237,4118338.5665033367,1.408696235294123E7,1.1296530352941116E7,1.2341995764705876E7,1.0205676705882344E7
light_green_screws,2,1.3307828463137234E7,9499072.520383645,1.2492602694488795E7,8975207.206613746,2271651.7477775137,2268560.270678155,4111641.9864263516,2972503.097414868,9368130.352941155,7852081.411764656,1.118169458823529E7,9896195.29411763
light_green_screws,3,1.597110740470468E7,1.0188026192944853E7,1.0596054743419651E7,6924397.9201404555,1233864.8371286804,1246252.7358308525,5104676.739709516,4066018.2657461264,1.5319074352941183E7,1.2183705882352944E7,8162563.764705909,6474242.823529406
light_green_screws,4,1.7090551573966548E7,1.1864464488752874E7,1.2131007149124129E7,8536604.915309526,2106288.51128368,1919774.279611739,5228050.543274056,3913926.713432935,1.4240169882352969E7,1.16222752941176E7,1.108165270588234E7,9949843.764705861
light_green_screws,5,9674651.513057018,6773249.867136585,9049828.16390801,6157976.023618447,1709501.421994899,1764923.7847599273,2932570.068560823,2334874.807912087,7755375.5294117555,6102272.470588198,1.014195952941178E7,8460499.764705867
light_green_screws,6,1.1728032951416207E7,8237613.964388897,1.1195609657959118E7,7960502.98180462,2142442.729056929,2048741.4598814438,3625272.5221486487,2843354.8875704757,8419112.470588224,6645001.411764656,1.083513176470588E7,8759623.05882352
light_green_screws,7,1.3857085605722804E7,9041392.35398223,1.154036419345881E7,7082670.199188173,1627035.0217023052,1726545.194245077,3707439.963329552,3391086.513919852,1.0892769882352963E7,8191804.235294086,1.0635814588235274E7,7717982.117647043
light_green_screws,8,1.5107739198762016E7,8979924.88843313,1.1839227183916634E7,5672534.883044675,1304538.5313109627,1708012.194797865,3623252.71305634,4088070.6668366604,1.3494639529411798E7,9561163.764705863,1.1367310588235322E7,6739952.470588229
light_green_screws,9,7408306.823114386,4462428.523719496,5938255.161500085,2727937.0099472534,713823.1776982605,824919.7575475741,1806565.147363885,2029556.89251557,6520674.352941168,4693044.7058823425,5189967.5294117695,3057701.6470588287
medium_green_beans,0,1.5922190307779212E7,1.2992952588086354E7,1.407403761869176E7,1.209670071821186E7,2950665.164016179,2629576.5863885535,5359310.2055903515,3714811.200709321,1.0894626352941161E7,1.12241025882352E7,1.3278515294117669E7,1.4410024941176428E7
medium_green_beans,1,1.1990898655031893E7,8600700.861295182,9859298.39462557,7619150.504988737,2110706.1290728822,2096797.61165464,4307994.618747371,2888671.0381310657,8877135.52941176,7590182.117647027,1.0968988235294137E7,9640239.529411772
medium_green_beans,2,1.0080988689725883E7,6943584.6199298985,7767988.560971122,5951393.714237401,2625134.2687517004,1831073.5054487116,4784200.835880821,2447578.9243889363,7870575.529411754,6742514.823529457,1.0605584470588243E7,9195422.117647067
medium_green_beans,3,1.3301870281094268E7,9612407.545360886,8700671.138342114,6933953.647828932,1655498.8992196503,1366828.3081110786,4730466.58400848,3365815.722937729,1.1526086117647098E7,9303573.17647059,6900464.470588229,6265123.764705869
medium_green_beans,4,1.284561461957448E7,8332704.499816309,8481220.244213156,5574494.670214696,1063994.4025821062,928643.6313782351,5073409.437302268,2996128.1863244735,1.1974164705882322E7,9360472.941176487,6938902.588235306,4656895.058823526
medium_green_beans,5,9592140.378656073,6728829.203822246,8477576.58270653,6183140.385326081,2847765.456280799,2044895.1679674524,4356644.473467754,2304367.081162354,7276626.35294117,5939110.588235313,1.1686413176470587E7,9693653.64705883
medium_green_beans,6,1.3711478396602092E7,1.0672015719734944E7,1.429813938135975E7,1.1193268369357258E7,2789477.03796962,2796004.0617704107,4593112.524620534,3361390.7790870117,9972813.176470581,7918509.176470527,1.4836966588235315E7,1.2153184941176455E7
medium_green_beans,7,1.4573358770849371E7,1.0434000153307837E7,1.0928628707385177E7,7337977.298284211,2258297.6402697098,1728177.2293004624,5738009.713043233,3677122.257940106,1.280598211764704E7,9535269.176470546,1.120207482352942E7,7849178.823529402
medium_green_beans,8,1.4593394990889212E7,8978124.913384814,1.1702498679509753E7,5488348.7680810215,1298328.9267856344,1262197.6760991593,4576412.021794712,3362785.22193316,1.3044762352941232E7,8885575.058823507,1.1876587764705898E7,5988217.411764702
medium_green_beans,9,1.529233364857075E7,9900403.310905145,1.2275674283066388E7,6418403.653784564,2034906.1330378945,1733549.9552080184,5262996.0464735,3733657.9792460706,1.3449753882352937E7,9153883.76470584,1.232920094117643E7,7116175.058823542
medium_brown_rice,0,1.8940341429921176E7,1.0616713791922757E7,1.7933110015610445E7,1.0074453205559058E7,6638377.249045511,2365679.326729853,1.0588870181191316E7,3401153.826930162,1.0856282823529387E7,8594322.352941116,1.3073076705882363E7,1.0533196235294098E7
medium_brown_rice,1,1.4590896687298724E7,7586221.399391115,1.5017433361818194E7,7853558.222177188,6396448.041382007,2323805.8910663715,6665828.828932596,2461949.987709828,8047997.647058817,5693263.058823496,1.246297129411762E7,9844705.411764696
medium_brown_rice,2,1.3059509255943E7,6336352.088997409,9835363.005491931,5800712.1995960055,6565263.272442606,2131592.5134766106,6963650.568963367,2188857.2007932486,7129624.941176474,5287631.999999983,1.2142927058823552E7,9723080.470588233
medium_brown_rice,3,1.6009721626577415E7,9111109.976679387,1.2645045184470301E7,6474922.529964804,3301582.2815867043,1664374.2119172125,1.091481108812325E7,3884691.0851836386,1.1755171764705908E7,9077038.588235334,8995027.764705881,6176637.176470583
medium_brown_rice,4,2.0376815544797502E7,1.2208323155191835E7,1.6192467616121663E7,8454566.402407069,4799362.760032904,2496942.7257159147,1.321315955320387E7,5244955.9723288845,1.4911928470588285E7,1.091983200000004E7,1.2886017882352933E7,8190701.647058811
medium_brown_rice,5,1.2901229423637737E7,6990187.077764457,1.1851234543822581E7,6033441.459495837,4649319.042229167,2203769.0803983053,6425709.323504861,2854927.635575613,8045741.647058835,5096227.764705857,1.0659002823529432E7,7345080.000000018
medium_brown_rice,6,2.442250283217602E7,1.5255812574784156E7,2.346818758284312E7,1.2411652243024236E7,6133124.559736766,2843906.653520102,1.5121004249532383E7,5713300.997557304,1.6923252705882385E7,1.2775396235294063E7,1.4711085176470576E7,1.0394688000000002E7
medium_brown_rice,7,2.3482742231466994E7,1.4132555746122258E7,1.967920951415254E7,1.0856436793705244E7,5540462.240307445,3009542.0518397344,1.3510464127552362E7,5571356.724880818,1.7033895529411804E7,1.1929527529411724E7,1.6662036705882369E7,1.0125549176470568E7
medium_brown_rice,8,1.907737530255519E7,1.2081199384909218E7,1.682653813654193E7,7807013.857214514,2161669.240403304,1641156.6546786095,1.0586194993220964E7,5523843.210282568,1.6398231529411811E7,1.2108145411764747E7,1.2755878588235306E7,5813850.352941178
medium_brown_rice,9,1.412476581847464E7,8349123.232487628,1.2490604941337053E7,6130320.935686312,2207985.980304043,1540240.0069954894,7785861.626809358,3973514.622085357,1.1507051294117669E7,8131537.4117647065,9879516.705882348,4800965.64705883
heavy_brown_screws,0,1.7142219240219444E7,9883894.456423534,1.6392827281279689E7,8758476.479310125,4364034.265574677,2093374.686057902,7588498.322067163,3385092.3498631334,1.007963011764709E7,8517052.23529405,1.0305592941176452E7,9549749.647058817
heavy_brown_screws,1,2.0162058046944864E7,1.002688060625461E7,1.5998952574298369E7,8767627.681610111,5158823.92276822,2655294.9691399774,8932921.718573779,3965431.2483366067,1.2054496941176435E7,1.0144541647058858E7,1.382802352941179E7,1.2530481882352963E7
heavy_brown_screws,2,1.678788878282429E7,8460985.711444134,1.385995130671361E7,7443713.807296709,4794770.860244266,2570928.6959357318,6951482.821677594,3278170.9980511796,9233607.529411769,7612033.411764716,1.300675905882354E7,1.0957922823529432E7
heavy_brown_screws,3,1.978164920645977E7,1.2617412113738636E7,1.8401719536150914E7,9427036.740030473,3113714.191046778,1596863.8966773252,1.053828744751724E7,4196658.815638831,1.497932611764704E7,1.243704282352943E7,7842008.470588247,8248804.2352941055
heavy_brown_screws,4,1.6168233160122449E7,8566785.351391198,1.2796888344777372E7,6548348.765070563,2498025.334633872,2051297.6026428193,6785109.281318041,3922654.0576449637,1.2413536941176498E7,9156344.470588246,1.0597055999999965E7,7241039.999999994
heavy_brown_screws,5,1.449088766397809E7,7392748.780297743,1.1538742044603797E7,6526569.595242968,4082471.865361456,2516267.3909100783,5813960.377201923,3118176.025160463,8240210.823529397,6203757.176470581,1.2382689882352943E7,9918052.235294128
heavy_brown_screws,6,1.6496913594185207E7,9293689.792722221,1.6508115088944009E7,9394422.237410102,4133385.735860029,2588933.846357954,6608739.511148028,3605090.0743904803,9589290.352941163,7161451.764705836,1.1561182588235287E7,8884644.705882339
heavy_brown_screws,7,1.7423964294924386E7,1.060114884996174E7,1.5847204471836602E7,7125717.447350977,2672185.777725098,2275477.604125032,6717773.147096202,4603525.740467655,1.2921049411764735E7,9069570.352941161,1.1751138352941174E7,7057639.058823523
heavy_brown_screws,8,1.3417493672287153E7,7824269.3563986765,1.1790326637844766E7,5083112.683251042,1658342.6714659894,1480205.093717021,5301451.056794503,3895730.666918614,1.0725928941176461E7,7608491.294117637,8940022.58823527,5031724.235294118
heavy_brown_screws,9,1.4833913605825648E7,8761539.681563225,1.3825382467791807E7,6394229.76951206,1743152.779407757,1702422.497186315,5543643.363768298,4017151.7862957437,1.1634036705882374E7,8173533.176470576,9572439.529411728,4779856.941176468
light_brown_screws,0,1.5652805899897352E7,8296008.503995534,1.4639553835723344E7,7548686.976525796,4047880.2321864585,2399078.158369059,6348364.220053142,3374946.3931222646,9825841.41176472,6960403.764705865,1.2805318588235285E7,9474143.999999994
light_brown_screws,1,1.743006688716398E7,9426835.21534067,1.5617639109179938E7,8277818.502516364,5279622.156379055,2014047.3761202889,8290572.003992213,3114880.781568055,1.0349007529411772E7,8903536.941176398,1.1389938352941174E7,1.061057223529412E7
light_brown_screws,2,1.9907400318709087E7,1.0783276015846353E7,1.885493470823431E7,9919110.013099166,5752963.618877767,3133051.5720789027,8676769.99765443,4445029.466262696,1.2267265411764711E7,8971231.058823459,1.3928957647058807E7,1.07944065882353E7
light_brown_screws,3,1.898930150637122E7,1.381363617082087E7,2.022848733762974E7,1.0485377707198149E7,2480773.9796273764,1692566.1825463413,1.152232874797552E7,5796117.960354963,1.5272731764705867E7,1.2020448000000015E7,8492243.294117646,5590598.117647069
light_brown_screws,4,1.7911493362010494E7,1.0689685199518658E7,1.5412755689042471E7,7499146.586565741,2586849.313475189,1750924.6045806126,8713065.450267442,4644587.501806378,1.4028000000000022E7,1.0764392470588218E7,8853019.76470587,6099046.588235286
light_brown_screws,5,1.796610009140088E7,9530268.098485315,1.6102588172249965E7,8545635.828096792,4832838.600447886,2630427.1568581993,8090510.397572167,3751414.7697492167,1.1050795764705855E7,8551376.470588177,1.3471557176470581E7,1.0832272941176455E7
light_brown_screws,6,1.5714008729509827E7,8626242.121713059,1.7072732802288584E7,9701999.765046509,6189780.315899334,3143749.0154744345,6206495.794910605,2871726.1434196564,7142378.82352937,5179118.117647048,1.4054870117647048E7,1.1253367058823522E7
light_brown_screws,7,1.6774607704505613E7,1.0195806202510912E7,1.514446720952965E7,6882496.217961812,2541188.919629911,2185695.4644587366,6932825.8335840935,4933135.07592589,1.2630050823529383E7,8898104.470588222,1.1388896470588263E7,6961667.294117643
light_brown_screws,8,1.6342435877767935E7,9681649.448173866,1.479783646158434E7,6449192.903032266,2255250.0223869835,2207285.4884993327,6244907.055314415,5354921.202643022,1.3315465411764696E7,9194759.99999999,1.1785939764705904E7,6603177.882352925
light_brown_screws,9,2.1356474091089383E7,1.3710777772268796E7,2.0695961236815177E7,9983415.635373902,2481352.3233636045,2190524.7589192907,9409546.385850705,6988666.055753159,1.7432083764705904E7,1.2810611294117674E7,1.2888025411764659E7,6844274.823529404
light_green_rice,0,1.0257284152694918E7,6472694.797297085,7852811.22981226,5630335.787586033,3096140.758466687,1862657.7982358048,6066993.254678206,2909568.711541133,9112118.117647074,7015423.058823557,1.0916688000000006E7,8298564.705882339
light_green_rice,1,1.2876401136897234E7,1.0036671303987771E7,1.2937851716096623E7,9488470.01126474,4621634.1029806575,2522625.2521664593,6657260.783453965,3175575.351898644,1.1720010352941189E7,9187366.588235259,1.4981015999999974E7,1.2743240470588231E7
light_green_rice,2,6977654.476643074,5359613.765812434,6810354.260906309,4952586.256872514,2120237.9976170547,1350390.5818328927,3101337.5137883355,1748912.769535503,5672056.941176462,4963901.647058799,7587542.117647053,7070073.882352935
light_green_rice,3,1.869793698848692E7,1.3085629450258333E7,1.403610929837659E7,9336434.4492692,2748576.7434670907,2104376.7528571556,8798930.598142283,5289970.897354072,1.6585050352941148E7,1.312517788235294E7,1.118796847058824E7,9080287.05882354
light_green_rice,4,1.0060521361522658E7,7244359.427818744,7183228.891952388,4823045.006496979,1716556.522873541,1155258.3415659687,4764926.060517622,2805798.1975370944,9365887.058823511,7185876.705882334,6530658.352941188,4892923.7647058945
light_green_rice,5,9523261.593490912,7280948.032182792,1.0167274764220195E7,7429201.8722993545,3425165.7296388885,1948115.1946741103,5508205.471892472,2494100.851538677,8250684.705882324,6322615.058823492,1.174364329411763E7,9285694.588235294
light_green_rice,6,2.003743010257733E7,1.2816749555327948E7,1.3322604556981346E7,8471916.236884266,2096327.4971329414,1617180.1665607186,1.1059154131334113E7,5635185.760669293,1.8948276705882356E7,1.4695958117647063E7,1.2105701647058802E7,7155614.117647062
light_green_rice,7,1.739993078285007E7,1.2618068963840853E7,1.2389636973521741E7,9215440.172278402,2674086.0871791085,1946230.0796123368,9054067.305183401,4669208.446565299,1.5767023058823546E7,1.2288789176470567E7,1.261091011764706E7,8773569.882352943
light_green_rice,8,1.3442788363733187E7,1.0154573855766764E7,1.0497809548784187E7,7528154.92587508,2683556.6507069557,1742589.2296581236,6373306.093947552,3785749.44516641,1.1817868235294092E7,9080950.588235283,9246316.23529412,7250052.705882363
light_green_rice,9,1.9744330560989376E7,1.28349921571313E7,1.4691676651966894E7,8499073.034886451,2418945.5612864806,2438817.8025508244,7698742.489766864,5745155.448783996,1.6359111529411744E7,1.168423764705877E7,1.4784423529411757E7,8740701.17647059
heavy_blue_screws,0,1.6080992586863974E7,1.0247269409188362E7,1.938331963322552E7,9259328.280271366,5398955.673934739,2239835.7886322048,8901005.061001837,3538279.822076034,1.171889505882353E7,9028544.470588172,1.1107911529411769E7,9168241.4117647
heavy_blue_screws,1,1.4496301941400541E7,7758394.213350391,1.7493885940134116E7,7426491.141682879,5215928.873133241,2160817.5414283862,7339920.401132764,2956744.760105815,9377968.941176472,7235785.411764761,1.0548655058823561E7,8815010.823529422
heavy_blue_screws,2,1.8104134469510555E7,9135796.155732859,2.1007481033026E7,8541664.231570179,7949880.9908299325,3030511.2806034638,8423289.879157122,3306430.753482635,1.10642696470588E7,8335838.117647046,1.5242144470588235E7,1.255876800000002E7
heavy_blue_screws,3,1.6175663923896126E7,1.0278733791738901E7,1.877623882715902E7,7929231.460264993,1907310.6781927617,1257283.6263162775,9015059.225073827,4569346.653575688,1.4836742117647054E7,1.1699364705882339E7,8614214.117647074,5782574.117647051
heavy_blue_screws,4,1.6379044936951438E7,8174528.885211064,2.003203555841024E7,8044783.10982725,3041350.57488622,1826244.4375552507,9437320.547130097,4256710.412374083,1.4226378352941189E7,1.0984571294117648E7,9685050.352941189,6547397.647058829
heavy_blue_screws,5,1.9196359010892097E7,9534935.164752897,2.2535556970028903E7,9446195.469513007,7506954.5651046205,3362580.607601552,8979695.41400966,4189607.88618466,1.2280664470588239E7,8968363.76470592,1.5887061176470567E7,1.2542905411764719E7
heavy_blue_screws,6,1.324528703391004E7,8330716.118259289,1.67331309494771E7,9034574.527712584,4889428.895448674,2273395.133829739,6433184.760312682,2970132.6226752936,9064918.588235294,6623795.294117619,1.031975576470587E7,8052464.470588226
heavy_blue_screws,7,1.8104206780666403E7,1.1662003326379789E7,2.1322750411634974E7,9401059.000617553,2737471.9472743156,1855655.3621306084,1.0177598595495671E7,4991099.859175908,1.5488274352941228E7,1.2066566117647108E7,1.0502351999999985E7,6653038.588235289
heavy_blue_screws,8,1.5955536874427844E7,9890588.442702541,1.9054142607412644E7,8218474.23724686,2654759.072426636,2210325.9337739027,7063791.870070562,4983307.309036393,1.380553129411764E7,1.0039917176470568E7,1.1249676705882346E7,6193432.941176466
heavy_blue_screws,9,1.8253234913493387E7,1.0643584892184557E7,2.20206572917811E7,9984291.937195756,4797389.924230479,3395895.0636974126,7867252.979585771,5284546.585982388,1.3544649882352926E7,8911425.882352881,1.4750511529411742E7,9579127.058823531
light_brown_rice,0,1.4302306047067972E7,7199880.043030468,1.2948044487420065E7,6407236.027756907,7579899.290618121,3044372.1730423328,6744498.469245273,3036279.2297738236,8640129.882352939,4888554.35294118,1.4147541176470539E7,1.0315637647058845E7
light_brown_rice,1,1.8494055056442454E7,1.0943677770828769E7,1.5363170477800135E7,8031660.250371746,5243558.673611414,2030426.1285466298,1.1769136189429082E7,3761125.609063983,1.2911522823529445E7,9820805.647058796,1.2408516705882326E7,9157740.705882333
light_brown_rice,2,2.300217524626908E7,1.3730828384133175E7,2.2691405216177735E7,1.291828210796116E7,7406309.897460376,3242563.9702465087,1.3344396879769135E7,5274320.584810445,1.57777595294118E7,1.1176416000000019E7,1.7119859294117633E7,1.1825867294117678E7
light_brown_rice,3,1.687276499644452E7,1.0402691133171767E7,1.43051373984798E7,7496053.014203465,1294372.685011298,917382.7994132539,1.150935499402171E7,5042560.332903133,1.5037492235294074E7,1.1850554823529433E7,1.0185599999999976E7,5215931.294117648
light_brown_rice,4,2.3831206529323474E7,1.702443984766722E7,2.1949623497223064E7,1.2285434349665703E7,3282740.5615032497,2197781.405775905,1.7203976916467063E7,7632374.772852965,1.910484847058818E7,1.4622287999999976E7,1.3441750588235376E7,6954436.235294106
light_brown_rice,5,1.9497275500099838E7,1.0596705918175675E7,1.8997882789654292E7,1.0627966870323628E7,9621727.400854526,3165972.570976458,1.1018367002771111E7,3642747.920602192,1.1838200470588172E7,8588956.23529407,1.70936117647059E7,1.3341570352941182E7
light_brown_rice,6,1.6792877539992772E7,9758203.716649678,1.3089566833294952E7,7262094.421179256,4057144.1512843594,1875964.3628127712,1.312780684149685E7,4242814.51925893,1.2336649411764728E7,9517353.882352965,9586977.882352961,6525646.58823529
light_brown_rice,7,1.6413644090126462E7,9821319.127937358,1.4979351008442683E7,7957103.567031097,4560450.738577437,2388234.5284795584,9687076.70189753,4186785.7372242208,1.2192828705882413E7,8248910.117647047,1.2627989647058846E7,7808299.764705877
light_brown_rice,8,2.1896903947119232E7,1.3722069763743738E7,1.8467352117757898E7,9058867.838818274,2591807.9440321233,1842757.0440800195,1.3359957461600354E7,6659326.497845221,1.897324658823531E7,1.4134660235294143E7,1.5000474352941198E7,7185049.411764698
light_brown_rice,9,2.109903888701063E7,1.308311725306548E7,2.0393342908087317E7,1.0742799573658146E7,4847370.715254797,3389083.6604980994,1.1411763891045762E7,6673159.8724691365,1.5926234823529435E7,1.0383799058823517E7,1.6403470588235317E7,8934481.411764694
light_blue_beans,0,2.0324351284433104E7,1.2405944069464713E7,2.802432951108917E7,1.5536746692925928E7,1.1774790247522458E7,5197761.980041444,9091797.764017249,4359355.417918675,1.345673223529413E7,7238610.352941157,2.188852376470587E7,1.5749439529411796E7
light_blue_beans,1,1.4195160729862126E7,7936052.803335424,1.793208242550887E7,7996691.909356349,7634627.918418554,2353607.250652019,8113838.790965507,2616240.4192226827,9802317.176470576,6850832.47058821,1.3576975058823504E7,1.04343543529412E7
light_blue_beans,2,1.5140618276869956E7,9760582.213161224,2.0180957207115643E7,1.081154665972004E7,8605866.142545627,2581566.745401866,9285261.164604096,2879600.6253079204,1.0242852705882335E7,7417401.882352911,1.469850917647058E7,1.15372009411765E7
light_blue_beans,3,1.556145335256967E7,9990605.796534697,1.8298711709327884E7,7936560.692623051,4053657.541581413,1964611.4679336795,1.1030375802432215E7,4206127.877231641,1.315809458823528E7,9737789.647058804,1.1083319999999978E7,6662359.058823523
light_blue_beans,4,2.0588667852100845E7,1.1804708148390107E7,2.4302506970364515E7,9926179.256101279,5129929.211276244,2681119.5180803607,1.438787957382794E7,5716310.07910307,1.732308000000003E7,1.259492047058826E7,1.480400188235297E7,8409859.764705885
light_blue_beans,5,1.5717321470309094E7,9925171.06238969,1.8829930067711588E7,9353265.48008189,6684056.968218105,2172677.828257831,1.1017121984250413E7,3402120.036573877,1.2404448000000004E7,9071596.235294066,1.2441660705882354E7,9426197.647058817
light_blue_beans,6,1.4476860225530857E7,9265431.933061872,1.9316890027428016E7,1.0820823202324076E7,8076861.53710793,3018659.709685023,8021841.120252081,3177130.3887463803,9739527.529411754,6238595.294117604,1.4238118588235313E7,1.0552240941176463E7
light_blue_beans,7,1.5251128747806057E7,8897916.973578008,1.844059591017281E7,8958116.15603836,5261540.488030694,2776638.0246621957,8533168.446285998,4088755.3857328687,1.2133044705882354E7,7977074.823529413,1.3492108235294113E7,8570278.588235285
light_blue_beans,8,2.001296707255477E7,1.2100997406700997E7,2.348214494722753E7,1.0198387696112605E7,5638371.504054527,3304987.6276420914,1.1208164629268736E7,5708612.516916486,1.6522163294117663E7,1.1118525176470542E7,1.6899201882352922E7,9958233.882352943
light_blue_beans,9,1.7782225439942215E7,1.101101339827303E7,2.227652383245422E7,1.1764816674678337E7,6745627.567000674,3383073.500561724,1.0041847268357778E7,4516288.966184324,1.4272898823529437E7,9307263.529411795,1.6621445647058832E7,1.087799294117646E7
medium_blue_glass,0,1.6719218854399774E7,1.042631989786595E7,2.180496578848053E7,9828823.39489582,9202653.307298066,2420351.7553052115,1.112157045545331E7,3009655.7325879247,1.152330070588236E7,8887524.70588229,1.5250118117647035E7,1.2443947764705857E7
medium_blue_glass,1,1.4218829437936937E7,8016026.928755342,1.834419643849976E7,7990082.592640578,7241320.129289231,2326859.784271654,8316978.312954631,2721986.6676661167,9842685.176470594,7047598.588235241,1.3672015058823504E7,1.0509008470588252E7
medium_blue_glass,2,1.9723853313505672E7,1.229156240176768E7,2.4982005903913364E7,1.2035639451930825E7,9500910.009266583,3043620.7427377687,1.3377725413487727E7,4295006.051338136,1.4850273882352961E7,1.0540877647058738E7,1.6510819764705848E7,1.2653889882352963E7
medium_blue_glass,3,1.6684460095164303E7,1.104313854726473E7,1.9494918826856207E7,9135502.007162355,4327097.583802441,1608550.6579361754,1.3020098900599396E7,3677052.7186282864,1.4632479529411783E7,1.1244605647058852E7,1.1130803294117626E7,7808277.176470565
medium_blue_glass,4,1.5500507932163527E7,1.150647093157945E7,1.768992288916635E7,9635024.71793301,3598033.3889407674,1859609.3844301791,1.2748663802438417E7,4616262.726653807,1.2898807058823505E7,9917466.35294119,9124825.411764696,5815308.705882358
medium_blue_glass,5,2.04971435618065E7,1.1391143928813582E7,2.616529143477763E7,1.1472899593285942E7,9109174.152698796,3611270.7597024776,1.155988355734295E7,4623734.866695901,1.5376389176470585E7,1.0218646588235218E7,1.9125744000000015E7,1.3714400470588231E7
medium_blue_glass,6,1.3599023373524476E7,8404008.315271448,1.8188288303665545E7,9155916.959445594,7367039.283495125,2766078.1941074557,7639653.284087018,2990754.1609365423,9818428.235294113,6239956.235294077,1.3408756235294152E7,9824083.764705878
medium_blue_glass,7,2.084194204311666E7,1.3207283177849147E7,2.4962242556005917E7,1.1706916880043022E7,6283167.391595839,3321864.4637847906,1.2404316787821287E7,5888906.811605239,1.7179310117647056E7,1.1737178823529363E7,1.753435905882352E7,1.0825441411764693E7
medium_blue_glass,8,2.004721548412733E7,1.2349958642792525E7,2.3629296664425988E7,1.0452990431365514E7,2930325.9411882916,2390687.117496453,1.1255701332988549E7,7014253.570638714,1.8472564235294152E7,1.3533515294117626E7,1.60212903529412E7,7747723.764705882
medium_blue_glass,9,7927889.773612589,4316886.20781134,9576476.541712312,4126683.5059860926,2691377.1591991447,1470394.765810747,4521862.8144048,2298241.4917833093,6244195.764705886,4063334.1176470574,6899593.411764686,4278667.764705891
medium_green_screws,0,1.4143768034117572E7,1.059255677164815E7,1.4023441383210363E7,1.0555210889026538E7,2455727.9312861706,2454711.1850131596,4336998.506713661,3068490.209452659,9375382.588235272,8378085.176470544,1.2868912941176502E7,1.1772880941176454E7
medium_green_screws,1,1.2617732109568363E7,8664475.908007849,1.1400080414489143E7,7801359.63190072,2027566.8665998688,1992935.3038148186,3551572.6859336365,2777187.968093423,9116199.52941174,7769734.58823527,1.0461206117647057E7,9514137.882352954
medium_green_screws,2,1.3411482212594604E7,8607315.151137967,1.118381778830582E7,7836965.8473629095,2873396.1108821537,2648796.53174916,3873301.912247609,2962873.236978746,9397386.352941206,8039693.647058854,1.4303455058823518E7,1.2517074352941189E7
medium_green_screws,3,1.2817509117510175E7,8112511.616664957,8719286.20623386,5971816.074773854,1295628.8135871587,1143949.9365232727,4080827.888284016,3220993.2738743424,1.2083779764705906E7,9717878.117647063,7209273.88235292,6208788.705882355
medium_green_screws,4,1.746209498917545E7,1.1237936903624682E7,1.2860708083006904E7,7597853.592299395,1550862.7006554925,1713095.2365989755,4468375.6207458675,4263411.2015255075,1.485576564705884E7,1.1485945411764728E7,9885535.058823537,7060972.2352941185
medium_green_screws,5,1.401218092770644E7,9219424.787301801,1.2271456121197648E7,8556781.323564341,3240516.7420154335,2949613.673905973,4815632.214887471,3353435.5684518386,1.0058964705882372E7,8529416.470588269,1.598617411764705E7,1.3790079529411785E7
medium_green_screws,6,1.2382325332793461E7,8595165.185694952,1.0622615590736587E7,7734098.148800483,1931411.6091163845,1841005.4307459604,3483812.895166008,2985777.9565991173,9333162.352941148,7428128.470588188,9541109.647058815,7983300.705882341
medium_green_screws,7,1.699708998936961E7,1.0885026901724618E7,1.2515353259299766E7,6981746.522216699,1369894.9122660581,1493828.0647326817,3922212.091562706,4149246.713178475,1.4808762352941204E7,1.1176833882352967E7,1.0095159529411761E7,6126551.999999994
medium_green_screws,8,1.6859925701721597E7,1.1294505578860283E7,1.2732708094840227E7,6054747.5698005,962738.2547624212,1017418.383788037,3373443.8249966325,3739711.3455552296,1.5718665882352982E7,1.1898632470588228E7,1.0479880941176474E7,5211971.294117637
medium_green_screws,9,1.2084536185144484E7,7472563.401795192,9682396.29521461,5707379.907502484,1326060.180115054,1646699.9222346211,3034058.398717041,2930690.282771676,9540519.529411748,6793768.94117644,9288527.999999993,6339985.411764716
light_green_beans,0,1.4392132080707474E7,1.1868605343186216E7,1.3621957918308608E7,1.1247861692310954E7,3397196.7811151347,2653872.2383456575,5532179.585201512,3527635.143274098,1.1301028235294102E7,9886197.176470526,1.429499152941177E7,1.3318329882352907E7
light_green_beans,1,1.0432879641915377E7,7431925.127392772,8980820.29832988,6679568.589272138,2229636.7738435124,1725825.6074582946,4289824.074226365,2562737.0985849323,8718787.764705874,7129106.823529359,1.0113457411764693E7,8578507.764705874
light_green_beans,2,1.3304350453016171E7,1.0160404242630297E7,1.4226896395382063E7,9900785.506521117,3082986.108838358,2855354.823147787,4752608.486620856,3330727.855174509,1.0316522823529437E7,8150456.47058818,1.5227730352941167E7,1.270042588235295E7
light_green_beans,3,1.6470765387401206E7,1.2360611421017963E7,1.0230776978164721E7,8930430.10306077,1721029.1630671825,1511600.8637178633,5883354.852290145,4429873.155283082,1.3203983999999998E7,1.0589104941176467E7,6640723.764705891,5414219.294117649
light_green_beans,4,1.2618168750008529E7,8948594.430847347,7860074.453643087,5686814.574378381,866749.467646864,713211.7383567314,3424314.8555113594,3068733.312520557,1.1523038117647063E7,9104212.235294117,6379194.352941149,4099725.176470584
light_green_beans,5,1.287881787890957E7,9630082.714164948,1.2665308637439365E7,8789954.00727451,3378469.4585792166,2421739.3096988793,5522113.654915594,3254609.0125230253,1.1194079999999959E7,8597072.470588185,1.4117525647058811E7,1.1678974588235278E7
light_green_beans,6,1.0816669570415406E7,1.0238933322532756E7,1.5361096296936661E7,1.107074332322575E7,4867632.277454985,3128612.320012829,5005082.665542518,3013215.862959587,8643972.705882326,6497603.294117631,1.6841792470588215E7,1.3744761882352931E7
light_green_beans,7,1.8992333061706737E7,1.2666177049231295E7,1.3578006243219415E7,8817786.701602016,2231712.197034622,1884620.6134192417,7574476.7588120205,4864382.506403847,1.719481552941174E7,1.2881848941176487E7,1.3227813176470613E7,8291490.352941176
light_green_beans,8,1.4478571001332095E7,8721952.563863022,1.1475568182316678E7,5347716.3216600325,1359682.9864609255,1324071.2505472442,4705713.987256062,3921668.946461236,1.385233694117644E7,9805263.52941175,1.0991827764705813E7,5364602.823529407
light_green_beans,9,1.4591217348110026E7,9200918.742655136,1.1528006352827596E7,6178737.196492698,1508271.4255578679,1640532.255921224,4187841.9917115434,3879762.295403039,1.2514945411764754E7,8651655.529411742,1.1130684705882328E7,6303158.117647056
medium_brown_screws,0,2.212622773631086E7,1.2549046244588377E7,2.0531579835856855E7,1.1726170877641773E7,6513116.025974137,2821361.441969043,1.0902084453805814E7,4169751.9009591728,1.2577672941176487E7,1.0680420705882257E7,1.402333976470587E7,1.284613694117645E7
medium_brown_screws,1,1.1970027179070422E7,6483969.0665107835,1.1318456256333733E7,6093049.609671162,3427572.040585249,1620614.2336048058,4971159.718385628,2245044.856590566,7025973.176470599,5696017.411764657,8349079.058823528,7150411.764705869
medium_brown_screws,2,1.8575788805868693E7,9631102.15720737,1.3838407252001045E7,8138450.586656128,6000880.648330591,2786976.675270138,9075077.033202114,3644773.2722234884,1.0418947764705876E7,9036869.647058852,1.4684733176470596E7,1.287809505882354E7
medium_brown_screws,3,1.5500974191688858E7,9650681.538283639,1.3525952121634644E7,6798801.525619103,2549744.3307766463,1700969.8600921233,8066224.547864774,4066408.9691408994,1.1043614117647056E7,8671163.294117657,7725094.588235284,5716334.117647057
medium_brown_screws,4,1.7221672138639696E7,1.0373314037335765E7,1.4488750800512835E7,7316271.978055471,2451917.6313734706,1648559.192100002,9036796.491284411,4281583.290061629,1.3108435764705854E7,1.0432369411764704E7,8332434.352941181,6327981.176470585
medium_brown_screws,5,1.4618988924423227E7,7602755.757909484,1.239059050655371E7,6672509.897172734,4643017.718905622,2631387.491798061,5791945.4045480965,3050284.4818668114,8211216.000000005,6289836.70588238,1.2662645647058828E7,1.01554291764706E7
medium_brown_screws,6,1.969141782193104E7,1.1987851032636294E7,1.9541772057925463E7,1.1789516418406112E7,6390845.749262451,2895684.078907136,9637422.12395618,3987961.1674256106,1.1004313411764726E7,9250880.470588164,1.3534723764705883E7,1.183101882352939E7
medium_brown_screws,7,1.7922546686363794E7,1.0594676122694002E7,1.6345529533554925E7,8352032.756690761,4147473.9185431045,2419681.6467396673,8318257.226595309,4276297.56666424,1.1856018352941163E7,9047721.882352887,1.1786296941176478E7,8976494.117647052
medium_brown_screws,8,1.5529368697727328E7,9426725.969256332,1.3609188552512921E7,6078340.987316845,1890290.1064611496,1794223.689347876,6191969.396966513,4882564.244117107,1.2618269647058832E7,9042722.823529392,1.0252281882352917E7,5694166.588235285
medium_brown_screws,9,2.2814942665554058E7,1.3656387593597876E7,2.1114388720231287E7,9398965.350426672,2594773.863040168,2432506.1658302015,9657041.330487357,7333072.221346931,1.8445764705882348E7,1.3606120941176545E7,1.3494849882352855E7,7289491.764705893
medium_blue_screws,0,1.7135653052449685E7,1.0235607407067847E7,2.2021958552940827E7,1.0388487211177917E7,7690560.874503475,2710262.37769801,9337913.624866802,3406024.3866218557,1.146537176470589E7,8697105.882352876,1.4190837176470615E7,1.1832357176470554E7
medium_blue_screws,1,1.5877530356834665E7,1.0372570262044085E7,1.9914395933077298E7,1.0412544896866817E7,6201683.778045658,2535686.3700575666,9895449.483146092,3632757.16522819,1.1147723294117624E7,8548839.529411687,1.210467529411764E7,9544216.941176461
medium_blue_screws,2,1.588164723028267E7,8090276.895477772,1.9120971985261958E7,7698118.580489636,6105438.291483245,2444006.1287652166,8085433.248636121,3437789.1899127886,1.1121357176470572E7,8263430.117647137,1.2016167529411783E7,9690448.941176485
medium_blue_screws,3,1.9769445871067256E7,1.2201127402922941E7,2.337952794836288E7,9966848.120350726,3389191.956027366,2536789.9789563017,1.0159806148421982E7,6452625.912576426,1.6596930352941185E7,1.2252886588235294E7,1.230367058823532E7,6893918.11764706
medium_blue_screws,4,1.3405806049815934E7,7436928.046127119,1.6084449442227144E7,6797832.875183718,3951001.8825484244,2488333.2962443805,6170627.487184428,3736773.938848245,1.0317722823529413E7,7116007.058823494,1.0897013647058861E7,7464071.999999986
medium_blue_screws,5,1.5245014878333205E7,8163510.046248617,1.9715276249207687E7,8527557.07229236,6952053.637622854,2719107.2669020384,6925625.370623931,2989059.1674314355,9594978.352941187,6891443.294117606,1.3721380235294111E7,1.1185280470588244E7
medium_blue_screws,6,2.0094849022367954E7,1.277058579711489E7,2.553864989406141E7,1.2808552833537292E7,8199315.122217011,3334977.5687788767,1.1265974896223938E7,4613292.943151488,1.4013921882352948E7,1.0294053176470492E7,1.5918864000000004E7,1.263909317647058E7
medium_blue_screws,7,1.5589352176941272E7,9741457.969888818,1.8796904024937876E7,8502372.548152536,3917462.004379842,2724648.348454038,7163411.23063644,4476158.293486586,1.212215435294118E7,8375020.235294084,1.208693082352941E7,7809722.823529407
medium_blue_screws,8,2.1247769963801067E7,1.3115831468017664E7,2.4862162257977888E7,1.0899350234555004E7,2464156.796865934,2221849.3994472804,1.0004021200573608E7,7250656.0506194085,1.9107326117647074E7,1.4406392470588215E7,1.4681682352941172E7,7918389.176470552
medium_blue_screws,9,1.2704443215839034E7,7140974.404784135,1.5106719712134648E7,6429684.640555617,3070737.0232722275,2410028.392740156,5604254.131091034,3922953.8903498384,9668453.647058813,6504955.764705846,1.0284239999999981E7,6414674.823529425
light_green_glass,0,1.2062928184097849E7,8555841.35422693,1.1948304425812868E7,7451613.132533885,3097030.0028160647,2479575.5155510767,4654744.028870131,2958160.7220156314,9490644.70588238,6838295.999999965,1.3685802352941139E7,1.0542971294117657E7
light_green_glass,1,1.723651421802289E7,1.2396402663080305E7,1.3485901078301748E7,1.0285782748342704E7,3114644.1783255655,2190205.458071891,6568187.2959334245,3776443.476210827,1.3978972235294122E7,1.191530399999992E7,1.348102729411762E7,1.2538568470588228E7
light_green_glass,2,9228882.394569231,6967282.110590426,8266144.732325122,6275743.279122298,2448970.9867776893,1608457.3237058022,3973991.9227276524,2112798.401325323,7432034.82352941,6373082.823529372,9569303.999999993,8579008.941176461
light_green_glass,3,1.6414839447245825E7,1.1907373429068984E7,9895613.961988937,8077426.499523019,1167382.8136107088,907640.6221768012,6148811.83833543,3198743.6577319093,1.530443717647063E7,1.2557720470588243E7,7316285.647058824,7155095.999999978
light_green_glass,4,1.669760610116607E7,1.174526264555025E7,1.2881786889677402E7,8470786.870605845,2863733.500286903,2151745.3743354394,7533167.18351302,4405199.288958038,1.4596331294117697E7,1.1388335999999963E7,1.2583393411764706E7,9818930.823529422
light_green_glass,5,1.0088217517558414E7,7428287.650233295,1.0839751707787247E7,6941765.484659732,2848351.5526451636,2196605.6230090023,3852243.71565044,2442996.774118465,8120822.117647036,6227594.823529376,1.2546909176470574E7,1.0250178352941182E7
light_green_glass,6,1.0711539464992939E7,8723148.108691135,1.1666903709597977E7,8660307.867583103,2858987.4718211624,2283851.924525659,4472918.493637821,2775052.2318297154,8040289.411764684,6396794.823529387,1.2306550588235319E7,1.0089261176470583E7
light_green_glass,7,1.5806090175940933E7,1.0232772838615248E7,1.3160512033065284E7,6720666.505994136,1879662.6536280047,1904849.9093432922,4766928.85050496,4129427.589873763,1.409300752941179E7,9743123.29411763,1.2767885647058818E7,7529203.764705872
light_green_glass,8,1.7788585568343166E7,1.152705343055235E7,1.2653585833924996E7,7029874.694472034,1856616.280071813,1543143.9554203008,6099913.393594355,4652894.134827384,1.6827218823529422E7,1.2525680470588254E7,1.172487105882348E7,6723223.058823532
light_green_glass,9,1.6006101283201823E7,1.0178339521905726E7,1.4421287976330295E7,8832415.0121247,2484924.1376968785,2631136.632189506,5726209.977715779,4302905.910722236,1.2404937882352896E7,8557111.058823477,1.4836850823529417E7,1.0175947764705889E7
medium_green_glass,0,9173450.799680686,7998574.906855511,9991208.04709989,7979430.986594818,2650385.620548653,2020131.7677091695,3901762.7777308766,2452160.6934187217,7584703.058823518,6397448.470588205,1.0950663529411776E7,9639923.294117635
medium_green_glass,1,1.2748351518317107E7,1.0412269945063831E7,1.131032307594124E7,1.0748590644945702E7,2550875.4075427456,2408349.523840784,5180691.967517144,3375833.590186797,9762903.529411746,8030899.764705816,1.144959952941175E7,9678815.999999987
medium_green_glass,2,8972121.20443934,6265410.6740194755,7478781.22852529,5449615.45508488,2701883.7923015794,1892313.00754194,4916333.687372499,2223575.0372348195,6818066.823529384,6106085.647058849,1.0403049882352937E7,9170474.823529419
medium_green_glass,3,1.4493252292965129E7,1.146377533953967E7,9286277.10132463,9265598.664153157,2073782.6812085414,1857149.4196764785,5623710.595005179,4414113.766242437,1.216143105882355E7,9553495.058823528,7186540.235294117,5876453.647058813
medium_green_glass,4,1.6616563030216921E7,1.1488586005649358E7,1.1156098663615491E7,7421005.374527477,1987961.3642516653,1749549.6023828343,6982730.101501593,4261862.441512678,1.382724705882353E7,1.130380941176472E7,9840412.235294119,8224353.88235295
medium_green_glass,5,9216523.558116734,6433503.061886693,8385332.462421507,6237871.566513404,3274041.080585745,2097178.764527531,4598123.774094612,2265734.9321135776,6322835.294117657,5589727.05882353,1.2211527529411765E7,1.0439528470588246E7
medium_green_glass,6,1.3029742720725086E7,1.0237581316876804E7,1.1789227881596567E7,9366222.130845722,2723904.226540227,2331937.035925666,5138986.960957594,3402478.410189138,9969705.882352918,8074362.352941119,1.2624828705882339E7,1.0403426823529396E7
medium_green_glass,7,1.7738552490993265E7,1.1202605478190096E7,1.3699080885673609E7,7081120.968894356,2053732.226634311,2077425.1925513607,5564632.0319650965,4947033.409088803,1.4860310117647085E7,1.0610395764705857E7,1.3486070117647065E7,8316268.235294101
medium_green_glass,8,1.498593648303555E7,9198698.748557227,1.2550281196982987E7,5659547.562214992,1151732.000012661,1385170.826964597,3798766.230284173,4347101.726569953,1.4190992470588243E7,1.0168842352941167E7,1.1185754823529402E7,5233709.64705883
medium_green_glass,9,1.6000356732193884E7,1.0132806448476756E7,1.2023445188426621E7,6029912.848032983,1093767.5244249362,1105339.136560231,4926397.760982944,4304243.824967629,1.4296581176470593E7,1.0584600000000015E7,1.0480641882352896E7,4813094.117647063
heavy_brown_glass,0,1.7492145822283853E7,1.0500530863889389E7,1.6762101415198449E7,9252874.723549437,5293703.640149367,2012502.3041429543,9889391.215279177,3338821.1219607266,1.070914447058824E7,9002946.352941118,1.0362886588235293E7,9450645.17647056
heavy_brown_glass,1,1.645110656504178E7,1.0022325262884416E7,1.6025773187557522E7,9280425.514535423,5096156.3428840935,2732431.0072959126,8628133.561449768,4127926.2579381745,9548336.470588231,7120997.647058857,1.035661694117647E7,7786071.5294117415
heavy_brown_glass,2,1.358102811511651E7,7133634.260989522,1.120505185708943E7,6089161.625781227,5140763.603138066,2294017.2691669133,7190972.93841122,2935458.969041632,8393971.764705895,6414264.000000001,1.1535470117647067E7,9269661.176470602
heavy_brown_glass,3,1.3526990188420301E7,7229571.237622702,1.2107530653332936E7,6876741.0019550305,5900832.557601216,2265777.057258714,7159598.758601277,2558010.6796881156,7094428.235294136,5866893.176470586,1.1397025411764685E7,9705679.05882353
heavy_brown_glass,4,1.799095546087824E7,9359174.24553361,1.405144781091835E7,7617391.087143357,3418733.9588797446,2622694.7732470827,9688308.56350761,5059708.92875576,1.4611535999999953E7,1.032529270588235E7,1.3599177882352926E7,8761267.764705883
heavy_brown_glass,5,1.5539520667836944E7,7971790.194276068,1.2285025277457356E7,7223785.638219669,7286540.724823014,2816247.1557046724,7800931.785572344,3042072.49290055,8357604.705882339,6451528.941176472,1.4618621647058813E7,1.211899058823531E7
heavy_brown_glass,6,1.4114637722254302E7,8273376.907567257,1.4452865601243421E7,8351811.329673094,4620898.361811007,2328349.523874956,7175339.491749386,3032449.060455033,8330727.529411765,6159615.529411726,1.0669672941176478E7,8288932.235294108
heavy_brown_glass,7,1.6653387162954176E7,9537753.9613412,1.4724089940243175E7,7833515.214976531,4394780.20489028,2742565.323214516,8091126.691171696,4178517.937411689,1.1417800941176463E7,7981475.294117602,1.2634972235294126E7,8507344.94117647
heavy_brown_glass,8,1.7575509363032714E7,1.0838630563622674E7,1.4481827075923985E7,6930490.411666039,2011535.0111645435,1690892.2172155203,8708301.747575985,5489839.438257733,1.511598917647061E7,1.1177673882352928E7,1.1197617882352954E7,5829566.117647061
heavy_brown_glass,9,1.2604080858021626E7,7655078.245100486,1.0633324810224475E7,5184815.541958164,1908642.7345972494,1421199.1213616517,6774178.714743963,3781261.7693062294,9876128.470588224,7396698.352941178,7348485.1764705945,4284609.882352944
medium_blue_rice,0,1.300503146169864E7,8064665.0452147955,1.6332701612188494E7,8040770.270173981,5764966.043250452,2065416.26395475,8209005.6573430775,2764270.3844003538,9520146.352941161,6765815.999999948,1.1259731294117669E7,8340527.99999999
medium_blue_rice,1,1.4540254662508545E7,8198724.838798297,1.769637449097313E7,8188461.141114834,6409081.262755676,2286623.3864521626,8420771.497431792,2937390.6241337145,1.077050399999998E7,7467279.529411701,1.294916188235296E7,9479738.823529424
medium_blue_rice,2,1.4453163389112787E7,8310272.695060869,1.7682053903855868E7,7887800.054113299,7026110.648582451,2199657.235048017,9506029.546657028,2931365.274712266,1.030347388235293E7,7515546.352941216,1.1859347294117656E7,9178057.411764719
medium_blue_rice,3,2.11119342780324E7,1.3894746469375229E7,2.4072279722374752E7,1.1509443180925384E7,3738573.6686828695,2064953.428007566,1.4436758430027995E7,5532154.949998232,1.902408000000003E7,1.4535729882352967E7,1.3973788235294094E7,7877274.3529411405
medium_blue_rice,4,1.529249295416738E7,1.0329327637142755E7,1.802312740174056E7,8909791.073040448,5337724.954602158,2191229.633156374,1.0242059476797378E7,3633605.1212238725,1.1955816000000011E7,8592273.882352874,1.1483418352941172E7,7889839.058823525
medium_blue_rice,5,1.6913751771662824E7,9072766.005711205,2.149823619525421E7,9979900.045151815,8646974.41322563,3440332.7218601606,8351156.375828102,3472946.570878405,1.1932660235294072E7,7252133.647058789,1.702362494117646E7,1.2164034352941187E7
medium_blue_rice,6,1.5255392186853833E7,9164823.637546863,2.0449578099916425E7,1.0207438040416501E7,8307365.098022781,3177668.8559595407,8025656.479538068,3183302.484861018,9918340.235294119,6304744.941176443,1.5259183058823531E7,1.1354913882352922E7
medium_blue_rice,7,1.6079938553781372E7,1.0555619815573303E7,1.8527764676596697E7,8314015.871380121,2807447.255829948,1642421.7042988678,1.069641557440606E7,4409760.537072891,1.4567311058823545E7,1.1045179764705878E7,1.119959999999998E7,5960192.470588217
medium_blue_rice,8,1.6389294566034768E7,9801722.730868058,1.9108454763456088E7,8957464.575159306,2206226.275013014,1844740.5947486276,8980031.467419596,5498614.417798574,1.4984580705882382E7,1.0908063529411739E7,1.3053816000000004E7,5819391.529411764
medium_blue_rice,9,6169697.826441901,3407048.056074014,7440336.006965877,3373630.1439873995,2147102.87732525,1286221.0575355594,3060136.048352194,1648002.949048865,4770763.764705882,2900395.7647058624,5716583.999999983,3453248.470588239
heavy_brown_rice,0,1.8752445127071384E7,1.1580912352898963E7,1.7405594093847044E7,9304885.949999182,5659085.556391574,2014721.9274944412,1.1987931195495062E7,3693279.514300193,1.2223236705882382E7,9861410.823529333,1.1031360000000007E7,9393885.176470567
heavy_brown_rice,1,2.1109944661548007E7,1.2372673017477162E7,1.6519350335767893E7,9010969.466394821,5431102.651112294,2307907.136229368,1.3833009898572722E7,4707806.703109001,1.5040696941176485E7,1.1477368941176482E7,1.266623294117647E7,9291292.23529412
heavy_brown_rice,2,1.4311465993776832E7,7338891.5710301,1.0952766011509668E7,5810191.929116772,4826755.374619707,1720692.098080063,9715428.209322423,2953460.2049933006,1.0138421647058802E7,7799776.941176479,1.0265956235294135E7,8100773.647058837
heavy_brown_rice,3,2.4929484029637236E7,1.5859758055534376E7,2.319204070782073E7,1.1558029385773672E7,2519311.828562899,1674882.825189988,1.5665872186364973E7,6572361.810125934,2.1523848000000007E7,1.6593196235294096E7,1.482596894117649E7,7347652.235294128
heavy_brown_rice,4,1.7965814535612486E7,8980471.614893772,1.2498616039214382E7,7917077.533200818,6051130.009240954,2071349.35495638,1.296231137256849E7,3563929.9819754097,1.3160119058823504E7,1.0377697411764788E7,1.2409123764705885E7,1.0093663058823546E7
heavy_brown_rice,5,1.346847034080978E7,6941164.5670190165,1.0718949167179218E7,6180758.7614915585,6892438.154219834,2351478.1748895524,7381318.03440959,2534348.870614417,7999692.705882388,5572483.764705881,1.2929179764705883E7,9989879.999999994
heavy_brown_rice,6,1.9045374708724312E7,1.1165044681393472E7,1.915494306604202E7,1.114988904108205E7,7752905.95021054,2963752.6111890418,1.0749400511257123E7,3836420.406251564,1.1457619764705842E7,8063384.4705881765,1.4891175529411752E7,1.1094831529411767E7
heavy_brown_rice,7,1.5390148732794318E7,8861587.287653888,1.4012708395320246E7,7940504.480750498,5230028.757764275,2350444.993043507,8745040.403274547,3462431.890411682,1.0929193411764707E7,7249376.470588191,1.2635093647058835E7,8273114.823529415
heavy_brown_rice,8,1.961749683310833E7,1.2476423684889004E7,1.7251185535065047E7,8355591.822042222,2373285.188754137,1975190.495419541,9846123.10093106,6527984.907969512,1.7310964235294107E7,1.2026582117647056E7,1.5688696941176472E7,6179332.235294125
heavy_brown_rice,9,2.028973616335624E7,1.2402580558730097E7,1.6144547909351025E7,8554141.45051254,4190561.988321514,2522265.470518355,1.2027742976834528E7,5598396.346306123,1.5877862117647033E7,1.0857655058823502E7,1.4671157647058785E7,7517007.529411775
heavy_brown_beans,0,2.168238671290765E7,1.212606671293171E7,2.0664184647738412E7,1.1514852145119281E7,7531738.803967226,2476727.883561503,1.195237171655813E7,3650049.3209766536,1.1720758588235285E7,1.039439858823521E7,1.3322933647058794E7,1.2619475294117607E7
heavy_brown_beans,1,1.4836920777169593E7,7859372.281681441,1.3280750258204957E7,6984173.453600884,5339071.654972006,2114291.3194120703,8032955.100472681,2892397.257942875,9932863.058823518,7202157.176470525,1.1953809882352915E7,8966397.176470581
heavy_brown_beans,2,1.334576161334939E7,6534313.925089758,1.0217045748251133E7,5549357.047769137,5213683.105344607,1779661.1804060615,7590868.298897724,2360364.5273001106,8045073.88235295,6315511.0588235315,1.039935811764706E7,8645353.411764713
heavy_brown_beans,3,2.0270254705241114E7,1.2356926447472086E7,1.7045248904064655E7,9318209.39156093,4944871.081365529,1909460.4516248696,1.454764410488908E7,4315091.091811863,1.33137854117647E7,1.117543058823531E7,8182111.058823522,8206653.176470595
heavy_brown_beans,4,1.3756900449879685E7,6691550.060931105,9679250.974237826,6077493.1293453,4753936.539913278,1638372.40619893,8742852.129108991,2658549.2635891926,9161490.352941174,7651146.35294124,9452220.705882356,8438706.352941187
heavy_brown_beans,5,1.906112303771427E7,9684024.134822903,1.5295482750849022E7,8877782.79612191,8733276.211493764,3031833.3453380847,1.055220312976536E7,3572371.2448739694,1.1072109176470539E7,8518931.294117648,1.689480282352942E7,1.3659255529411782E7
heavy_brown_beans,6,1.68516201147371E7,1.048608558308767E7,1.6256983321358833E7,8480265.909816977,4336220.856051058,1929404.1434539654,9749928.16583469,3737819.1512624226,1.144818917647057E7,8747776.94117642,1.023573035294118E7,7542330.352941159
heavy_brown_beans,7,2.3582151038313136E7,1.4198629454119781E7,2.1498352127586585E7,9776678.932408448,4118453.796994027,2651034.2158969217,1.2040904381166583E7,6483731.456672857,1.8862785882352952E7,1.301829317647055E7,1.6643916705882357E7,8324230.588235285
heavy_brown_beans,8,1.802491612435743E7,1.139860539698291E7,1.5519843870504403E7,7409030.65549592,1767193.4655621445,1338247.9589778823,9354707.430566484,5047836.5844076965,1.5881349176470611E7,1.1646122823529406E7,1.2295096941176495E7,5374255.058823537
heavy_brown_beans,9,1.69871461035854E7,1.0221570552130725E7,1.5163277026980188E7,7002135.597074408,2130555.8778423527,1419772.6144050853,9698357.53796583,4510777.645710311,1.4002541647058824E7,1.0370800941176511E7,1.0340920941176446E7,4983659.2941176575
heavy_green_screws,0,1.3056714929241931E7,9159643.03086972,1.1384265306231232E7,8126233.143951747,1900522.4081565274,1799763.5303542945,3564665.4196280306,2794757.9552347264,9434565.176470567,8113572.7058823025,9499963.764705881,8956869.176470572
heavy_green_screws,1,9743992.25070718,7028529.223117919,9462157.161581753,6554237.126445904,2016187.1141550003,2063406.8270897334,3023315.610202493,2261183.968809263,6441640.941176498,5769583.058823523,1.0890532235294107E7,9684347.294117637
heavy_green_screws,2,1.4462377469391804E7,9209521.442321947,1.1373769327316653E7,7948924.822449496,2385083.6666257093,2528191.877594971,4660460.299748851,3594640.7725791773,1.1906548235294107E7,9637408.941176478,1.3206580235294113E7,1.1463835764705911E7
heavy_green_screws,3,1.7955246368146427E7,1.2275709046965875E7,1.1134018246559093E7,9075588.178956503,1493582.5100617642,1458446.2694417809,4428744.91297952,4271746.830310923,1.5236198117647087E7,1.2303111529411754E7,8469039.529411692,7417788.705882345
heavy_green_screws,4,1.4369253588674733E7,7831515.764904524,9837820.973234635,6887416.683664927,2016022.0034106246,1854135.79774583,4548234.420710233,3578223.7454060568,1.2690961411764719E7,1.0219115294117732E7,1.0440506823529411E7,8933964.705882356
heavy_green_screws,5,9817607.724722695,6479564.854603254,9059151.375118526,5848601.896972304,2154044.213689249,2286515.5458757346,2791584.9690748127,2358492.3824431263,6676557.17647059,5412448.9411764685,1.2055129411764719E7,1.0123096941176483E7
heavy_green_screws,6,1.3990253391351242E7,9938985.800831078,1.0425487398389287E7,7562302.661166569,1437544.0403544398,1684152.904325807,3641134.0248595607,3534597.6658345396,1.1676735529411783E7,8664756.705882316,9698306.823529389,6892154.823529399
heavy_green_screws,7,1.5808710986820623E7,9747675.118110668,1.228889280833348E7,5995122.229616286,1346743.425337422,1540196.325441499,3515641.0813201107,3666740.0670547434,1.349213929411766E7,9411698.823529374,1.1571447529411782E7,6419695.058823524
heavy_green_screws,8,1.656769073920295E7,9956921.651991898,1.295433429175884E7,5820198.289724873,1058556.0788414115,1193799.4783948215,3412448.0056541325,3815393.373127904,1.4993587764705896E7,1.0914412235294105E7,1.1193461647058846E7,5221222.588235286
heavy_green_screws,9,1.4915014597303346E7,9236682.049548304,1.1007429152324356E7,5731581.052536443,1334785.0965136911,1475639.7286268736,3632026.294301064,3730377.8155207615,1.2425347764705857E7,9262756.235294104,8886120.000000013,5320987.76470589
medium_brown_glass,0,1.725708176208537E7,9973270.190519009,1.5837542810879072E7,9113073.46052073,5425662.87263937,2112688.290256949,9829583.288107239,3324929.5522550186,1.027513129411762E7,8443610.823529352,1.1726727529411752E7,9789909.176470561
medium_brown_glass,1,1.4227928843238497E7,7682136.412564464,1.3282108487586956E7,6975860.68146058,5612950.280402856,1948923.1997531475,7369154.045040073,2443403.8526901244,7757536.941176478,6552491.29411759,1.1238553411764702E7,9705012.705882333
medium_brown_glass,2,1.8750257470498726E7,9642634.40128233,1.506048168916938E7,8176091.972697854,6883689.7003281135,2886050.585722357,9941306.052375894,3856346.911801974,1.1709179294117643E7,9225859.76470585,1.476970588235295E7,1.2377541176470606E7
medium_brown_glass,3,1.827346081646569E7,1.1586133825640293E7,1.716115467093057E7,8933386.256476201,2540168.0851028725,1483379.6098918477,1.0673079294219693E7,4409113.780902653,1.4636872941176496E7,1.1561344941176502E7,9086017.411764689,6517723.764705869
medium_brown_glass,4,1.8233090051231533E7,1.0947141045431197E7,1.5337391492113471E7,8201491.136227267,4445529.514234696,2402890.9326442857,1.0116582300830785E7,4436833.846676301,1.249818494117647E7,9274757.647058763,1.206342917647061E7,8600880.000000002
medium_brown_glass,5,1.891175892638076E7,1.0399700346814247E7,1.855895639082641E7,1.0836528309811475E7,8330046.647699637,2903968.027427121,9368939.359007116,3137143.3427852346,9309496.94117647,8099079.529411722,1.6725343058823558E7,1.4412072000000024E7
medium_brown_glass,6,1.9770040868869588E7,1.16588177509108E7,1.8798551816230092E7,1.1899070008745963E7,7448636.07491,2977327.9004896693,1.097597503209321E7,3899260.1677209446,1.1254318588235289E7,9005577.882352864,1.4546258823529422E7,1.1940700235294102E7
medium_brown_glass,7,1.6224465232629972E7,8897321.713198166,1.6532700651301885E7,8582712.04880934,5010661.324186467,3189878.8300299225,6895334.471824665,4142780.674086595,1.1312231999999972E7,7073089.411764678,1.4119084235294115E7,9433862.117647061
medium_brown_glass,8,1.6885536544101816E7,1.0294954165029226E7,1.411613902444196E7,6600792.574999343,1784815.2912684702,1564346.3926141202,8299990.999698049,5594962.103136994,1.45205181176471E7,1.0677193411764735E7,1.1146177411764722E7,5481732.705882352
medium_brown_glass,9,6291441.258842406,3708657.8047045246,5391930.011423288,2392394.0559288138,626768.9902777227,587796.3225239117,3220128.4889009325,2262334.9166952358,5751241.41176469,4242129.882352962,4383878.117647059,2100314.823529422
no_object,0,1.6349628675903099E7,1.1461597183982674E7,1.9857975604362488E7,1.1635477424242428E7,683709.6959861036,341540.9688194707,1721885.5733189818,451602.2525706067,1.694744329411769E7,1.312210729411765E7,2.2064631529411696E7,1.7083089882352974E7
no_object,1,1.2857594833342884E7,8648261.571428573,1.3610792851977827E7,7936005.690476182,467466.82071067294,231705.80872313154,1268151.1826320398,313652.2886625746,1.342610964705879E7,1.0405576941176394E7,1.7480527058823444E7,1.3551448941176455E7
no_object,2,1.5224231069988383E7,9536907.452380948,1.4440763808469828E7,8015336.380952359,389555.9861956949,176635.85071916875,1344136.7164865367,253067.55331717338,1.6304693647058798E7,1.263763764705879E7,2.118945317647067E7,1.6424495999999966E7
no_object,3,1.7396400620337375E7,9852423.16666665,1.4589455602951614E7,7472519.809523781,479265.67084223585,233248.94528630414,1679923.8856681655,348195.7231993542,2.0457203294117615E7,1.583795435294115E7,2.657353552941182E7,2.0594371764705814E7
no_object,4,1.259864032567514E7,5375961.309523809,1.1109496934143517E7,4748582.499999995,329633.9360647333,123217.42239567709,1118520.3389124752,198579.39554783775,1.5149929411764685E7,1.1727064941176474E7,1.964930400000012E7,1.526464235294123E7
no_object,5,2.2229165971428636E7,1.320353987229436E7,2.0917714442825954E7,1.2421702547619026E7,645141.5687241886,275696.4791805571,1938617.3253251202,378288.5017902138,2.442101082352937E7,1.889666399999999E7,3.1712558117647123E7,2.462144752941169E7
no_object,6,1.9723231181651484E7,1.3251162497835504E7,2.331291470048996E7,1.3222065829004351E7,801434.1085890263,422532.69906785776,2142225.8009499,556825.4254555756,2.009017552941178E7,1.5586972235294122E7,2.6193369882352974E7,2.0277478588235285E7
no_object,7,1.9472711459706903E7,1.3399603047619049E7,2.1018437453308932E7,1.3804910238095239E7,643060.716560365,337094.38735005056,1860940.4265462847,444352.9629397927,1.9878011294117715E7,1.5506555294117669E7,2.6005431529411618E7,2.015412564705886E7
no_object,8,2.0036884885281343E7,1.3246865642857142E7,2.0315907979538783E7,1.3177612333333341E7,562438.9139816468,291642.6854176951,1796501.8778919922,404573.35084579815,2.1017515764705937E7,1.639251105882352E7,2.7508414588235207E7,2.1330578823529366E7
no_object,9,2.220341125457867E7,1.4635381525974028E7,2.463176205489164E7,1.5275966857142854E7,833432.3697010457,434792.2877147312,2232860.164328002,571809.4201131546,2.2267766117647033E7,1.7330589176470574E7,2.915005270588237E7,2.255584094117645E7
light_blue_rice,0,1.4840127996464552E7,7816840.812706555,1.8323289410417654E7,7938540.968915722,8214694.4321500985,3345885.2188598705,7768414.123684092,3261288.8097433397,1.072425741176471E7,6232991.9999999795,1.5371854588235276E7,1.0770424941176467E7
light_blue_rice,1,1.9039242871712238E7,1.0950207441752346E7,2.428115650497197E7,1.0649023844673201E7,1.0334344329786753E7,2769015.178418214,1.1618189001291921E7,3381237.3235455565,1.3422547764705887E7,9797390.117646998,1.775219011764703E7,1.423292047058826E7
light_blue_rice,2,1.4230184597316977E7,9063501.065079689,1.949718670399513E7,1.091524216326305E7,8153947.222300142,2449009.2428627424,8469432.3573158,2694805.457093621,1.0074190588235306E7,6879379.764705873,1.4394114352941172E7,1.1016770823529439E7
light_blue_rice,3,1.9826533590125203E7,1.1328132420357188E7,2.4511417801143333E7,1.003552778430656E7,1.1097894947310062E7,2912073.9944785936,1.4250686109678647E7,3912852.718508743,1.3723499294117633E7,1.0074024000000041E7,1.6548902117647074E7,1.321334117647058E7
light_blue_rice,4,1.560175075158921E7,9243905.172413813,1.840566385402806E7,7838800.39709179,6364646.871238971,2005358.1388687964,1.195350703425643E7,3374759.3530913237,1.2048734117647056E7,8810631.529411817,1.199303294117646E7,8708072.47058825
light_blue_rice,5,1.840161244711101E7,1.2169150477776716E7,2.229593049591522E7,1.0789671005325992E7,7761868.249977645,2659492.191547587,1.3447909572743129E7,4219561.660760671,1.5333053647058826E7,1.0745672470588174E7,1.5642522352941195E7,1.0870935529411761E7
light_blue_rice,6,1.5170893307278072E7,9614687.226536661,2.049412317864104E7,1.0900983586255806E7,8844802.933136476,3100262.3982479516,9430650.595054522,3414483.413344872,1.0980049411764722E7,6952047.52941173,1.5342779294117678E7,1.1162872941176461E7
light_blue_rice,7,1.999305377905862E7,1.2798466284912582E7,2.3480834459061436E7,1.1011583808907215E7,3551650.88352039,2573907.2191749853,1.1951299136595977E7,6882154.939493046,1.827532941176472E7,1.315326494117645E7,1.628907952941177E7,7983111.529411772
light_blue_rice,8,1.5610294552723514E7,9449332.207285173,1.8426124350549426E7,7879670.903130206,3381913.4482617066,2143971.326008321,1.043188983673739E7,5230680.1054561455,1.3500828705882361E7,9709726.588235313,1.1694193411764681E7,6025492.235294116
light_blue_rice,9,1.5705169294468403E7,1.0443322397388112E7,1.883742611782777E7,9423784.804053944,4334521.740757733,2596531.746735881,9256250.634240517,4835071.277461183,1.404540564705882E7,9505809.882352937,1.3998738352941202E7,7990046.1176470565
light_brown_beans,0,1.3401895554252643E7,6747452.678717839,1.2698351816041749E7,6628413.803043927,6308980.948444262,2640666.665345404,5881325.13366547,2547022.4882429503,7387245.176470603,4640956.235294099,1.3045303058823528E7,9726910.5882353
light_brown_beans,1,1.7325756510033917E7,9464095.048809445,1.6582407375301318E7,8911753.50184762,6711638.632165858,2471944.4717910173,9342218.671921436,3241112.186956191,1.073470729411764E7,8010549.176470528,1.3761559058823531E7,1.086781411764706E7
light_brown_beans,2,1.6878462838101674E7,1.0058422199970962E7,1.8514215371728867E7,1.1263904083454289E7,7824799.542054264,2410054.595528766,8976432.25044066,2822238.7851105635,8871832.941176482,7353303.529411754,1.3823971764705898E7,1.176371435294119E7
light_brown_beans,3,2.116521962099949E7,1.3648209090071432E7,2.0263882769949153E7,1.063238415368411E7,3742065.825450167,1719353.8014272023,1.567319733535696E7,4855583.125709791,1.6992122823529482E7,1.3440396705882374E7,1.0828989176470604E7,8105291.294117632
light_brown_beans,4,1.99352918450753E7,1.2058142955390396E7,1.4405305908973563E7,8482165.821856147,4533693.096374108,2285082.9816267984,1.4418306062210098E7,5089378.184129503,1.4615604705882363E7,1.1180083764705934E7,1.1747590588235302E7,7848002.823529406
light_brown_beans,5,1.5894951077890791E7,9099943.290662637,1.531732554436405E7,8341250.333649878,6746955.072968655,2447774.6922639837,9012665.86228023,3223713.1929531274,1.0203986823529413E7,7476844.235294058,1.3254381176470587E7,1.0297826823529402E7
light_brown_beans,6,1.6998555707903173E7,9659338.683263278,1.7813800488164872E7,1.0118233277548932E7,8001320.146639226,2809849.690515596,8726459.812642084,3137111.2912071287,8914122.352941185,6599668.235294084,1.3981979294117652E7,1.1255820705882344E7
light_brown_beans,7,1.6570178328990202E7,9949105.40901516,1.5385817318454044E7,7642111.00826214,4166766.8811218985,2355404.0226255273,8509741.44545787,4332480.485336334,1.1814129882352922E7,8204971.764705867,1.2064447058823533E7,7822850.8235294
light_brown_beans,8,1.4932347381464122E7,8269070.869781794,1.2881480346655995E7,6584034.344892686,3818669.2374487286,2419615.0838791477,7912289.204514517,3887905.6360302656,1.0926317647058811E7,7246013.647058791,1.2127472470588267E7,7445195.294117637
light_brown_beans,9,1.5923403693047792E7,9822221.470544066,1.424793034634896E7,7096589.7779680975,3814116.481596708,2200628.6644196087,9567141.130775765,4433892.085754812,1.154555999999996E7,8157170.823529377,1.083589411764706E7,6499359.529411762
heavy_blue_rice,0,1.4987944663287316E7,9820565.237094816,1.765278385132638E7,8152786.915809376,5724062.732709623,1905415.279673865,1.0056504425957968E7,3153442.980858017,1.145409458823531E7,8799954.352941107,1.0745322352941189E7,8740633.411764685
heavy_blue_rice,1,1.5244879736211319E7,9943101.65615368,1.8389295390180115E7,9290945.62045095,5397979.137826017,2216347.234964211,9073607.580969932,3495881.4579521385,1.1954592000000026E7,8186350.588235238,1.2373537411764717E7,8067142.588235289
heavy_blue_rice,2,1.9058854696632195E7,9710622.64032667,2.2267392236568406E7,8948611.389773259,8603390.992110606,2662906.2847789256,1.1487466084226353E7,3450370.507968974,1.325193882352944E7,9746638.588235324,1.587580800000002E7,1.2141186352941193E7
heavy_blue_rice,3,1.3579894963063145E7,8069876.500843249,1.5821361130941372E7,6497934.744802862,2785270.9545139493,1327669.6678081406,1.0118216386240719E7,3312798.1570484163,1.160456611764708E7,8790889.411764707,8645689.411764698,5048723.294117641
heavy_blue_rice,4,1.8906168751397442E7,1.3136617104765613E7,2.198344464277427E7,1.0617961134005584E7,4455512.261604026,2525121.32198526,1.3369470591735225E7,5880972.546692649,1.5012526588235274E7,1.07883868235294E7,1.199498258823528E7,6022039.058823532
heavy_blue_rice,5,1.9569973894478057E7,9870634.081864376,2.318682251150912E7,9971768.512534548,1.0657564027125865E7,3616698.4690427245,9626083.66810647,3349006.8408082356,1.2649308705882391E7,7882195.764705903,1.9091875764705908E7,1.4083952470588248E7
heavy_blue_rice,6,1.438676843455761E7,8850681.570837421,1.897709994046828E7,9787691.880291674,7559848.706046223,2489407.445583506,8444681.087467933,2836545.2361557535,9658424.470588244,6735406.588235253,1.3138336941176485E7,1.0190280000000004E7
heavy_blue_rice,7,2.1014940553808212E7,1.3171854024215123E7,2.5240995923114173E7,1.1382911526638435E7,5992936.717548939,3326367.1555567146,1.1766613243652437E7,5407792.102206504,1.7417960470588244E7,1.1199563294117607E7,1.786821599999997E7,9780936.000000002
heavy_blue_rice,8,1.895187451790815E7,1.1188234290793713E7,2.2269235237888932E7,1.0047676564192263E7,3188311.4137056386,2400036.447373692,9861157.139032157,5858895.08711294,1.7062608000000015E7,1.1752859294117637E7,1.567386494117646E7,6844633.411764693
heavy_blue_rice,9,1.6201135558024729E7,1.0010968051564313E7,1.893943336089944E7,8924472.847249182,2886601.39486056,2266568.7449735207,8374419.622544125,5142781.374788592,1.4076792000000019E7,9458987.294117669,1.3318496470588151E7,5784607.058823536
heavy_blue_glass,0,1.5351077026801592E7,9596432.901104571,1.945988411020937E7,9060929.488248281,7419252.930233016,2346318.880006184,9391738.0281022,3098555.845105864,1.0817312470588226E7,7990125.176470518,1.3193040000000015E7,1.0525075764705876E7
heavy_blue_glass,1,1.4908236573460998E7,8672290.172710583,1.8014034756648794E7,8092598.779514793,5557681.455828873,2491660.0506901895,9123775.548138155,3515179.237305463,1.095488752941177E7,7708778.823529357,1.2311220705882335E7,8445506.823529432
heavy_blue_glass,2,1.48204649697104E7,7404092.301749527,1.7321455237121645E7,7140319.885749498,7195658.171814522,2523338.4784391583,8150960.261290877,3059905.821398366,1.007223811764706E7,6913008.000000028,1.3277946352941189E7,1.0143607058823543E7
heavy_blue_glass,3,1.6697620868001591E7,1.0000848610358765E7,1.9636564988434955E7,7822290.20711962,5239728.780385395,2186903.842095182,1.1731965210443573E7,3917005.031339702,1.3180387764705885E7,9758532.705882397,1.1400317647058832E7,7836598.588235289
heavy_blue_glass,4,1.7706448359033298E7,1.1841875759128153E7,2.0600048775685757E7,9947358.075595986,4929406.729179134,2750190.162722804,1.1618006947342616E7,5398610.447395383,1.360086917647059E7,9745862.117647085,1.1829700235294139E7,7062056.470588231
heavy_blue_glass,5,1.2166931885176573E7,6018853.260187376,1.412422310807717E7,6166469.638203472,7266804.147735156,2182368.372577306,6186756.463019614,2118479.842052902,7135754.823529405,4867850.82352942,1.2153028235294133E7,9515899.764705887
heavy_blue_glass,6,1.7276865458842825E7,1.0601253314180396E7,2.2461605678947546E7,1.1852687117818018E7,8404046.28881939,3391809.8506418928,9438352.423410226,3992318.641816145,1.222428141176472E7,7992043.764705847,1.6166230588235304E7,1.1751858352941155E7
heavy_blue_glass,7,1.6259515653582346E7,9302040.208746066,1.994400015798435E7,9516846.016035352,5293985.917006157,3294327.189066157,7961139.970138885,4541408.363595598,1.2739527529411769E7,8131555.764705849,1.4575712470588228E7,9059887.058823528
heavy_blue_glass,8,1.527706380660589E7,9487974.292301537,1.8139890217366952E7,8097286.93259065,2077203.3078446512,1777315.115369007,8543747.129339566,5256375.859234838,1.3913723294117684E7,1.024424470588234E7,1.1954421176470602E7,5812057.411764683
heavy_blue_glass,9,1.934028003832744E7,1.1319004717011558E7,2.326625408706115E7,1.143736987593644E7,6477735.17799916,3967662.5102076265,1.0567196577871919E7,5738164.077412021,1.5068423999999996E7,9844952.470588166,1.6744118117647069E7,1.0568357647058832E7
light_blue_glass,0,1.4036907186129443E7,7257988.404087169,1.724524773652322E7,7338538.054746523,8387310.109360553,3110695.057340248,7519075.347174711,2935507.8509715637,9974210.823529415,5392636.235294126,1.5221432470588194E7,1.0594102588235281E7
light_blue_glass,1,1.5483577099060142E7,8774443.125004819,2.031331450994634E7,9672412.041683713,1.0399539397034211E7,2627358.5307275318,9096623.194030225,2597191.9499810366,1.0374266823529419E7,6944466.352941143,1.6394754352941196E7,1.2783091764705922E7
light_blue_glass,2,1.4712918231555503E7,9471179.260650534,1.9126421021312E7,1.0505381652931586E7,6825784.764063008,2507286.807227944,9369840.558694655,3207915.1024476644,1.1042617411764693E7,7647567.52941176,1.4001125647058848E7,9920827.764705889
light_blue_glass,3,1.6153612409089895E7,1.0708776340880666E7,1.901144666256418E7,8588981.893115995,5755314.926697132,1729423.6714926804,1.4027684844780114E7,3470534.8303543087,1.3579164705882335E7,1.0227533647058776E7,1.2296047058823533E7,8259400.941176454
light_blue_glass,4,1.5432150947558155E7,8724980.39138357,1.9356759208692815E7,8691499.46232606,7076614.782167922,2608223.5083037447,1.0115240985211914E7,3504931.2528615356,1.213317035294117E7,8133684.705882285,1.4032061647058794E7,9700753.411764687
light_blue_glass,5,1.9939325778733406E7,1.2275628649944937E7,2.521735242214882E7,1.2520809701443123E7,9313997.436297674,3583092.255828653,1.3324563348264439E7,4819622.850253364,1.5970462588235311E7,1.0539818823529368E7,1.8869496000000034E7,1.2658576941176448E7
light_blue_glass,6,1.4206431802580703E7,9239729.000938011,1.934294153135896E7,1.0492572692792095E7,9167371.013284849,3174061.4780084933,8447797.95163505,3159790.67446005,9324598.5882353,5677142.117647022,1.4839163294117635E7,1.0862315294117648E7
light_blue_glass,7,1.4773054513943145E7,9304816.833520854,1.7950793265640307E7,8401816.44112315,4014037.272170052,2624692.9119526953,8137579.595319589,4570270.599092356,1.2782034352941182E7,8380458.3529411685,1.3287423529411761E7,7594071.529411766
light_blue_glass,8,1.8708138343650497E7,1.2669118990079693E7,2.224409458589784E7,1.1223424129606256E7,4503687.236212352,2670831.8613454322,1.2701310364143463E7,5987898.854156716,1.677718870588237E7,1.1985571764705895E7,1.5078672000000013E7,8012034.352941183
light_blue_glass,9,1.6913613128258873E7,1.1281800357646527E7,2.0189335095286038E7,9908449.45834666,3927828.881088322,2452848.8954131054,1.0832393177722046E7,5299468.085592128,1.5316039058823513E7,1.0803007058823561E7,1.447719247058825E7,7712827.764705915
medium_brown_beans,0,1.8594685712235883E7,1.0463615568783762E7,1.8205720430929657E7,9993139.297590906,6986169.057681387,2245757.0765665993,9925344.970273707,3129928.8421064317,9742989.176470593,8501651.294117566,1.2407935058823524E7,1.1355369882352918E7
medium_brown_beans,1,1.6145082086109426E7,8441017.702790685,1.4880759268220412E7,7625870.673135302,4735827.185222169,2079374.0342525626,7990203.937554956,3179732.39770065,1.0175138823529385E7,7270247.999999943,1.2126536470588213E7,8820235.764705872
medium_brown_beans,2,1.871998989254328E7,9170033.654632565,1.4483944726273553E7,7531324.358222447,6348775.36608609,2637356.7348875697,9765180.962155381,3424426.586961712,1.0824488470588244E7,8687524.235294145,1.4607552E7,1.1907213176470594E7
medium_brown_beans,3,2.398383718523782E7,1.503365191259349E7,2.2191762458998464E7,1.1209599639540875E7,4828157.658197679,2372319.30196085,1.6332072868411187E7,5543311.983775348,1.649349176470589E7,1.2966079058823535E7,1.0912212705882352E7,8144226.352941195
medium_brown_beans,4,1.6088710069452353E7,8387772.7434568815,1.3437342777148802E7,7488817.057337121,6422813.10132344,1908053.649686605,9108387.197280155,2657345.0707151964,8325266.823529417,7764176.470588294,1.0587800470588239E7,1.0301257411764717E7
medium_brown_beans,5,1.5952482340736575E7,8282175.553633341,1.4380814347442072E7,7443179.113545532,7005843.854361354,2751298.3452279978,7683245.555370624,3048534.492636247,9054916.23529413,6729903.529411747,1.373077835294119E7,1.0944928941176478E7
medium_brown_beans,6,1.6741812104993299E7,9720588.139305083,1.595822106987654E7,9039454.23226461,4708204.529352072,2273883.488346573,9092645.703039696,3595039.430309337,1.0604407058823505E7,8048234.82352937,1.1224036235294096E7,8359040.470588218
medium_brown_beans,7,1.662421050595278E7,1.0262676773260463E7,1.5182754465250125E7,7000875.816095809,3298579.789971225,1887276.0965274423,9568134.882360708,4128922.7376584006,1.273433505882353E7,9292166.117647028,1.0536607058823498E7,6280936.94117647
medium_brown_beans,8,1.8721733393305965E7,1.1465992010281062E7,1.6279427435950795E7,7500730.916772265,2347751.6055237004,1838164.051793517,9607472.755675418,5294210.9261169005,1.550072047058823E7,1.106748847058819E7,1.3191872470588218E7,6115754.823529397
medium_brown_beans,9,1.6244788014604196E7,9764873.459753169,1.4097336830063667E7,7067348.624716771,3668682.8686377094,2047302.42461108,9306080.716403794,4196826.760985384,1.1992715294117615E7,8475919.058823492,1.0810770352941155E7,6588938.8235294325
medium_green_rice,0,1.090669869964874E7,9423966.59655711,9106485.976748025,8551345.488966424,2195909.4156144764,1754745.802633303,3909409.762975992,2655302.9953713547,8411062.588235298,8426462.117646996,8593047.529411774,1.001862635294115E7
medium_green_rice,1,1.0587450638736948E7,7486940.788534999,9307579.427653965,6608491.591411154,2068964.0932780493,2035329.6910812855,3750872.39767902,2555938.9491184256,8036165.647058825,6387995.2941176165,1.0331871529411752E7,8529408.000000013
medium_green_rice,2,1.2640350435139837E7,8901524.084720038,1.0594401855247596E7,8104613.2137150215,3789796.61592387,2644739.3459060835,5409486.690447462,2833746.5810326706,8580019.764705906,8351666.82352944,1.5164196705882365E7,1.3951761882352944E7
medium_green_rice,3,1.7417222149969928E7,1.141343000527606E7,1.0802900083302459E7,8430632.244436834,1771859.5637517245,1538062.0747451251,8802198.430572215,3961837.093178996,1.597547152941184E7,1.3566568941176428E7,8160117.176470598,8941050.352941182
medium_green_rice,4,1.1710196477403367E7,8016668.091264716,8920375.21494937,6055755.889786762,1665468.132766078,1619120.5095789686,4089700.069831328,2802115.5471737194,9583034.823529411,7467522.3529411685,8818469.647058837,6984060.70588236
medium_green_rice,5,9988978.41947437,7471249.1778748175,9224037.688472668,7133265.262682612,4076088.522657325,2302088.9670010475,5077874.844555609,2344605.683287428,7310967.529411766,6414314.823529401,1.3400891294117654E7,1.1589683294117661E7
medium_green_rice,6,9837107.983011022,7986960.473064404,9644048.244491534,7765862.626642073,2373562.7861128626,1870915.5159319004,4142477.8267293456,2611462.927057947,8233202.823529411,6217726.588235262,1.0371190588235283E7,7999952.470588228
medium_green_rice,7,1.2537710562770555E7,7439540.699239213,1.180333800398421E7,6264200.182886486,1606828.364414585,1831117.7188344868,3652626.8832769566,2910130.313971825,1.0310480470588237E7,6450283.764705857,1.230215576470589E7,7612523.294117649
medium_green_rice,8,1.45754893394969E7,9142416.00214289,1.1889335454979815E7,5421501.006137736,1216480.3806244407,1318331.225304183,3690697.4988222495,3578295.6225131536,1.3607352000000004E7,9415754.82352942,1.1441239058823535E7,5605975.058823526
medium_green_rice,9,1.5690539787541892E7,9792446.372323187,1.2568952584093232E7,6146003.108159319,1143609.889252517,1164646.9300142215,4644290.036898748,3842210.100948335,1.3986801882352976E7,9873091.764705937,1.1401146352941144E7,4698770.823529413
heavy_blue_beans,0,1.763070371040682E7,1.0997425737201326E7,2.121854577974957E7,1.017611239527921E7,6592539.747622441,2356992.5589989424,1.0886421050852394E7,3641146.8108296217,1.3156102588235281E7,9807238.588235239,1.3325039999999996E7,1.0233108705882324E7
heavy_blue_beans,1,1.4978894039510839E7,8122735.219263358,1.7888061135174725E7,7067228.600697908,6887996.616194186,2093267.4422033965,9370234.934769955,2920083.5811687633,1.000559435294118E7,7668235.764705916,1.1340736941176457E7,9244996.23529409
heavy_blue_beans,2,1.3195312326556437E7,6678120.152330636,1.5373403127180992E7,6596226.842737749,6121029.016157457,2300936.377304595,6515495.599401504,2495494.12997044,9234259.764705906,5656511.999999969,1.2522841411764711E7,8691581.647058833
heavy_blue_beans,3,1.9979079982591428E7,1.290877643709264E7,2.272083502391283E7,9952585.587581106,3926585.3411207553,2050168.5330905581,1.4215136488909822E7,4947032.418606253,1.6061593411764715E7,1.2257100705882313E7,1.1064996705882331E7,6541598.117647053
heavy_blue_beans,4,2.109258572321017E7,1.325950377728783E7,2.4644884082744673E7,1.0296662105230415E7,4701504.091841628,2044519.0272082496,1.4256089405219352E7,4852077.072982171,1.837044705882355E7,1.375499011764707E7,1.3710007058823502E7,8507350.588235281
heavy_blue_beans,5,1.3837192706334045E7,6955033.752998044,1.6424531680534763E7,6960160.880405208,7211685.312157984,2339769.8598862295,7199186.3842392815,2448358.6905272976,9025472.470588233,6006286.588235285,1.2874279058823531E7,9781752.00000001
heavy_blue_beans,6,1.4697313996015819E7,9050546.753385691,1.863142483623524E7,9043119.45941668,6612497.273877667,2345480.8760369495,8637813.91417382,3011626.762410531,1.0300489411764694E7,7225870.588235243,1.2367723764705876E7,9496396.23529411
heavy_blue_beans,7,1.5106378654101994E7,8096341.649340156,1.9153819599455956E7,9134338.2742719,5547549.96201521,3138702.2755386303,6658068.925150492,3405106.74541229,1.1578190117647052E7,6445475.294117622,1.4814526588235311E7,8918449.41176471
heavy_blue_beans,8,1.6105862787489189E7,1.0289313878065465E7,1.9074357264263887E7,8052708.899326965,2485634.2381541766,1732041.7370830912,8948958.846624106,4581789.114010197,1.4595577411764713E7,1.0495238117647054E7,1.2290851764705898E7,5519227.76470588
heavy_blue_beans,9,1.5954262726337591E7,9733278.001336645,1.879552068277371E7,8818962.831999628,3513309.4075571457,2434247.071977523,8148779.041087807,4557364.778169438,1.3302440470588185E7,8606521.411764674,1.3284272470588174E7,6464052.705882362
