         2       3       4       5       6       7       8       9      10
 1  0.2566  0.1421  0.1869  0.1705  0.1349  0.1118  0.1033  0.1259  0.1006
 2  0.3986  0.2879  0.3109  0.2915  0.2479  0.2168  0.2037  0.2150  0.1926
 3  0.5045  0.3989  0.4060  0.3879  0.3419  0.3064  0.2931  0.2964  0.2759
 4  0.5805  0.4815  0.4781  0.4632  0.4166  0.3804  0.3694  0.3640  0.3504
 5  0.6549  0.5631  0.5496  0.5375  0.4921  0.4519  0.4437  0.4339  0.4246
 6  0.6824  0.5946  0.5809  0.5705  0.5284  0.4886  0.4816  0.4700  0.4624
 7  0.7311  0.6500  0.6359  0.6274  0.5865  0.5515  0.5431  0.5278  0.5253
 8  0.7452  0.6620  0.6463  0.6385  0.5994  0.5620  0.5549  0.5404  0.5368
 9  0.7852  0.7133  0.7006  0.6922  0.6562  0.6252  0.6177  0.6028  0.6017
10  0.7908  0.7176  0.6999  0.6925  0.6554  0.6215  0.6172  0.6010  0.6036
11  0.8249  0.7603  0.7436  0.7413  0.7067  0.6769  0.6746  0.6619  0.6649
12  0.8511  0.7898  0.7759  0.7722  0.7408  0.7122  0.7079  0.6986  0.6972
13  0.8774  0.8311  0.8191  0.8149  0.7900  0.7677  0.7636  0.7571  0.7555
14  0.8957  0.8542  0.8449  0.8396  0.8188  0.7981  0.7922  0.7876  0.7861
15  0.9019  0.8599  0.8498  0.8481  0.8264  0.8047  0.8027  0.7981  0.7962
16  0.9231  0.8907  0.8811  0.8782  0.8619  0.8431  0.8386  0.8381  0.8360
17  0.9435  0.9203  0.9125  0.9121  0.8986  0.8854  0.8825  0.8824  0.8798
18  0.9605  0.9458  0.9392  0.9371  0.9298  0.9166  0.9127  0.9164  0.9134
19  0.9696  0.9569  0.9501  0.9526  0.9448  0.9344  0.9329  0.9360  0.9327
20  0.9823  0.9770  0.9712  0.9750  0.9702  0.9633  0.9627  0.9658  0.9631
21  0.9960  0.9970  0.9920  0.9975  0.9952  0.9930  0.9931  0.9955  0.9933
