    2 patterns  3 patterns  4 patterns  5 patterns  6 patterns
 1       22.60       19.83       23.20       25.47       19.05
 2       26.11       23.69       28.59       35.59       24.00
 3       28.29       26.75       33.32       43.58       33.00
 4       30.20       28.59       38.26       50.74       43.50
 5       31.49       31.49       41.00       54.44       50.00
 6       32.65       31.68       43.18       57.86       57.00
 7       33.83       34.19       46.74       63.36       57.00
 8       33.27       33.70       46.55       63.12       61.00
 9       34.47       35.40       49.10       66.29       69.00
10       34.46       35.72       49.10       67.66       73.00
11       35.41       36.27       50.80       69.02       83.50
12       35.80       36.90       51.48       70.31       79.50
13       36.35       38.07       53.18       71.70       83.00
14       36.55       38.63       54.12       72.17       86.00
15       36.67       38.52       53.69       72.23       92.50
16       36.98       39.42       54.44       73.61       97.00
17       37.49       39.78       55.49       74.03       98.00
18       38.03       40.71       56.17       74.65       99.00
19       38.24       41.30       56.29       74.86       100.0
20       38.64       42.16       56.88       75.25       100.0
21       38.55       43.04       57.80       75.76       100.0
