    2 patterns  3 patterns  4 patterns  5 patterns  6 patterns
 1       23.98       18.66       21.93       20.49       100.0
 2       31.94       25.77       29.84       32.81       100.0
 3       40.74       33.92       39.39       48.73       100.0
 4       48.14       40.41       47.12       57.89       100.0
 5       51.66       43.85       50.91       64.18       100.0
 6       55.71       47.51       55.12       70.08       100.0
 7       58.97       50.95       58.55       75.04       100.0
 8       62.47       54.74       62.06       78.61       100.0
 9       66.44       58.59       66.13       82.84       100.0
10       69.23       61.46       68.53       84.86       100.0
11       73.06       66.29       72.96       87.27       100.0
12       77.08       70.53       76.96       90.17       100.0
13       77.95       71.52       78.07       91.30       100.0
14       80.08       73.64       80.36       92.52       100.0
15       84.01       78.52       84.25       94.44       100.0
16       85.86       81.10       86.20       94.77       100.0
17       89.16       85.12       89.73       96.25       100.0
18       90.37       86.40       90.95       97.06       100.0
19       94.29       91.69       94.87       98.37       100.0
20       96.87       95.21       97.42       99.21       100.0
21       99.40       98.73       100.0       100.0       100.0
